500 4858 1 
1 32 228
1 62 105
1 308 227
2 17 88
2 37 215
2 92 267
2 152 218
2 214 192
2 233 85
2 335 126
2 376 197
2 384 70
2 410 184
2 462 196
2 490 168
3 34 227
3 108 221
3 174 272
3 188 188
3 202 144
3 223 178
3 250 216
3 401 193
3 409 215
4 6 182
4 14 72
4 79 84
4 85 407
4 218 373
4 247 233
4 309 97
4 348 495
4 360 570
4 381 322
4 410 232
4 454 494
4 493 89
5 51 135
5 56 312
5 72 456
5 282 296
5 288 164
5 358 443
5 473 221
5 499 383
6 64 488
6 70 407
6 80 425
6 97 238
6 100 145
6 156 489
6 201 252
6 316 296
6 328 52
6 348 386
6 441 368
6 452 353
6 483 347
7 37 167
7 189 89
7 200 326
7 215 135
7 264 337
7 306 239
8 6 426
8 139 265
8 319 154
8 342 292
8 380 307
9 69 388
9 204 247
9 309 365
9 344 336
9 348 180
9 361 468
9 411 85
9 421 263
9 439 264
9 443 290
10 19 388
10 101 217
10 138 255
10 218 199
10 253 246
10 294 232
10 375 279
10 433 66
10 445 285
10 473 251
10 481 86
11 16 215
11 50 197
11 95 353
11 100 211
11 133 293
11 155 292
11 243 253
11 302 372
11 428 115
11 442 333
12 17 134
12 117 75
12 135 115
12 188 270
12 242 241
12 420 516
12 449 325
12 487 184
13 47 107
13 56 148
13 71 381
13 77 194
13 310 176
13 375 323
13 478 381
13 486 390
13 497 265
14 77 298
14 83 290
14 141 261
14 169 173
14 171 292
14 287 195
14 291 334
14 434 408
14 470 364
14 492 280
15 14 400
15 69 161
15 83 236
15 195 138
15 198 300
15 227 322
15 236 385
15 304 311
15 315 281
15 320 204
15 372 184
16 59 364
16 99 433
16 193 312
16 243 242
16 294 90
16 385 125
17 94 156
17 107 358
17 118 207
17 181 141
17 253 215
17 315 293
17 362 129
17 386 368
18 38 180
18 40 386
18 54 339
18 73 173
18 88 238
18 123 284
18 137 263
18 319 331
18 332 308
18 356 148
18 473 177
19 14 500
19 54 290
19 63 107
19 106 409
19 177 391
19 182 330
19 239 330
19 241 464
19 266 160
19 329 458
19 361 547
19 373 187
19 437 502
19 475 385
19 495 228
20 40 209
20 128 287
20 185 320
20 189 199
20 226 274
20 242 163
20 323 224
20 418 383
20 487 195
21 36 287
21 50 110
21 193 192
21 214 436
21 306 102
21 356 475
21 391 179
21 441 261
22 99 167
22 101 188
22 139 197
22 184 234
22 187 183
22 206 228
22 242 127
22 370 378
22 373 256
22 416 172
22 446 19
22 456 122
23 7 245
23 30 378
23 88 73
23 140 161
23 202 193
23 262 219
23 287 112
23 329 166
23 334 53
23 381 48
23 394 89
23 478 397
23 480 255
23 483 187
24 49 460
24 177 268
24 255 105
24 338 243
24 344 241
25 28 222
25 57 264
25 86 288
25 127 342
25 182 336
25 287 175
25 408 248
25 436 448
26 35 254
26 47 516
26 48 344
26 115 417
26 227 417
26 276 366
26 416 369
27 68 29
27 175 459
27 195 83
27 322 175
27 333 225
27 339 121
28 7 412
28 155 43
28 158 480
28 248 302
28 252 371
28 260 52
28 261 232
28 282 260
28 322 351
28 351 207
28 366 196
28 376 81
28 482 227
28 486 544
28 491 15
29 70 392
29 112 429
29 127 190
29 165 294
29 202 107
29 254 344
29 359 261
29 364 162
29 449 151
29 482 167
30 296 221
30 324 243
30 413 344
30 448 448
30 455 320
31 80 206
31 125 353
31 170 254
31 177 309
31 247 404
31 333 313
31 367 292
31 429 486
32 69 500
32 104 505
32 196 374
32 198 79
32 235 57
32 248 449
32 249 347
32 263 225
32 286 216
32 294 429
32 314 261
32 385 244
32 401 471
32 486 179
33 1 297
33 15 322
33 86 285
33 133 518
33 168 209
33 225 422
33 313 141
33 335 211
33 369 397
33 377 239
33 416 347
33 426 233
33 436 21
34 5 259
34 71 313
34 153 183
34 184 166
34 195 233
34 199 266
34 211 181
34 309 46
34 375 314
34 384 58
35 101 171
35 119 442
35 123 190
35 145 233
35 156 259
35 216 286
35 226 363
35 301 169
35 303 264
35 343 223
35 354 218
35 360 463
35 416 330
35 476 380
36 90 246
36 95 404
36 104 167
36 122 347
36 149 153
36 170 327
36 174 262
36 259 351
36 348 251
36 355 129
36 375 249
36 489 190
37 5 55
37 60 120
37 130 412
37 212 237
37 329 447
37 352 303
37 440 398
37 467 322
38 20 377
38 136 494
38 157 219
38 195 277
38 258 185
38 274 412
38 300 257
38 339 402
38 412 242
39 70 310
39 117 413
39 148 138
39 152 310
39 267 127
39 291 179
39 292 325
39 308 66
39 359 298
39 407 390
39 412 46
39 498 177
40 3 286
40 10 244
40 87 396
40 101 457
40 133 154
40 149 141
40 192 234
40 212 431
40 258 303
40 314 320
40 333 143
40 435 442
40 454 363
41 143 185
41 183 244
41 197 279
41 454 66
41 458 454
41 487 220
42 39 279
42 186 70
42 202 238
42 279 176
42 287 187
42 302 265
42 313 361
42 356 389
42 374 44
42 383 222
42 399 269
43 7 189
43 28 446
43 172 22
43 184 461
43 232 131
43 309 476
43 323 425
44 140 156
44 227 228
44 253 209
44 279 154
44 283 180
44 294 271
44 477 324
44 487 104
45 71 417
45 85 416
45 145 335
45 206 315
45 227 113
45 343 47
45 345 421
45 348 419
45 351 403
45 422 557
45 467 82
46 38 142
46 97 221
46 141 75
46 200 298
46 339 266
47 14 254
47 72 85
47 102 250
47 122 447
47 132 369
47 200 216
47 260 205
47 296 274
47 376 168
47 391 218
47 430 470
47 490 334
48 36 124
48 37 208
48 70 351
48 80 351
48 122 275
48 241 113
48 284 337
48 404 236
48 430 298
48 464 173
49 5 448
49 88 179
49 177 193
49 235 408
49 349 412
49 434 374
50 51 229
50 252 123
50 330 120
50 396 215
50 405 380
50 433 206
50 481 235
51 30 210
51 121 41
51 380 118
51 492 162
52 28 279
52 70 48
52 93 353
52 103 223
52 174 443
52 182 341
52 194 199
52 230 305
52 244 16
52 366 90
52 405 409
52 479 360
53 72 31
53 80 355
53 279 114
53 380 329
53 422 475
53 423 223
53 442 112
53 469 445
54 10 251
54 35 340
54 125 276
54 163 373
54 208 204
54 290 253
54 376 80
54 384 208
54 499 129
55 41 238
55 139 135
55 145 106
55 166 274
55 421 191
55 451 275
55 453 358
56 83 304
56 113 431
56 140 299
56 164 346
56 196 187
56 198 229
56 273 215
56 285 433
56 439 335
56 497 413
57 1 289
57 96 122
57 192 133
57 199 204
57 251 245
57 287 103
57 303 176
57 390 43
57 394 180
57 400 198
57 460 130
58 47 440
58 91 420
58 114 72
58 249 385
58 262 243
58 288 111
58 301 375
58 311 215
58 322 301
58 365 218
58 381 385
58 436 52
59 39 97
59 42 373
59 64 200
59 68 389
59 122 31
59 207 216
59 242 206
59 361 259
59 368 415
59 410 98
59 445 219
59 494 325
59 500 83
60 70 382
60 165 360
60 281 47
60 288 132
60 317 526
60 361 355
60 416 319
60 428 357
60 440 503
61 5 271
61 11 179
61 26 359
61 28 359
61 192 153
61 308 237
61 320 203
61 383 297
62 19 413
62 189 153
62 277 376
62 313 75
62 407 358
62 414 149
62 499 344
63 73 240
63 229 319
63 383 257
63 391 189
63 463 255
63 494 130
64 12 452
64 33 190
64 41 165
64 151 126
64 227 398
64 339 400
64 357 390
64 375 218
65 75 107
65 101 422
65 144 222
65 173 353
65 326 69
65 376 377
65 402 349
65 423 524
65 480 70
66 91 395
66 138 455
66 360 591
66 361 73
66 381 337
66 492 356
67 102 179
67 147 134
67 148 96
67 180 211
67 183 89
67 267 111
67 336 486
67 340 152
67 375 224
68 118 240
68 120 23
68 165 46
68 270 137
68 423 335
68 477 313
68 478 403
69 20 498
69 23 353
69 26 454
69 80 136
69 255 413
69 369 558
69 444 427
69 470 415
69 477 553
70 98 332
70 197 315
70 200 203
70 317 301
70 326 162
71 27 438
71 36 382
71 66 384
71 82 474
71 115 383
71 154 411
71 175 51
71 292 469
71 403 238
71 423 372
72 124 12
72 189 314
72 203 439
72 269 506
72 273 430
72 289 154
72 312 119
72 377 396
72 441 360
72 479 433
73 23 138
73 32 261
73 52 217
73 75 197
73 201 8
73 270 145
73 396 196
73 420 307
74 28 353
74 62 119
74 82 462
74 128 335
74 143 311
74 163 384
74 177 112
74 324 192
74 348 423
74 375 384
75 36 278
75 155 333
75 212 150
75 216 369
75 285 354
75 307 390
75 352 12
75 365 107
76 2 217
76 66 344
76 77 218
76 79 369
76 127 403
76 134 260
76 166 257
76 236 71
76 264 303
76 277 131
76 303 418
76 315 433
76 331 286
76 385 245
77 151 329
77 198 277
77 279 96
77 331 261
77 337 296
77 405 269
78 133 407
78 183 198
78 275 268
78 282 403
78 316 219
78 342 363
78 351 338
78 367 188
78 378 309
78 409 266
78 443 494
78 494 80
79 8 383
79 28 436
79 186 340
79 229 361
79 262 121
79 324 140
79 329 398
79 343 206
79 470 403
80 13 360
80 20 365
80 180 355
80 199 314
80 267 155
80 281 314
80 289 261
80 377 144
81 2 151
81 41 430
81 60 393
81 95 509
81 109 200
81 156 409
81 253 350
81 496 135
82 100 485
82 174 476
82 256 18
82 315 416
82 340 199
82 353 471
82 411 142
83 12 88
83 106 356
83 141 207
83 147 418
83 334 48
83 396 323
84 30 349
84 38 312
84 59 409
84 71 439
84 93 337
84 251 350
84 308 383
84 356 433
84 369 385
84 449 487
85 46 116
85 60 108
85 104 452
85 235 166
85 291 169
85 297 271
85 376 416
86 31 229
86 41 186
86 54 156
86 116 274
86 131 115
86 148 121
86 296 45
86 379 202
86 432 187
86 436 274
87 68 397
87 93 178
87 114 162
87 162 140
87 175 201
87 339 343
87 378 325
87 380 77
87 386 226
87 417 372
87 435 59
87 481 239
87 492 299
88 12 149
88 75 209
88 197 193
88 370 317
88 459 156
89 103 177
89 141 158
89 240 279
89 300 395
89 450 338
89 461 73
90 20 338
90 68 114
90 113 197
90 189 196
90 194 131
90 263 297
90 278 421
90 367 171
90 368 74
90 424 131
90 442 309
90 464 494
90 471 348
91 98 117
91 223 189
91 233 87
91 243 12
91 304 462
91 314 268
91 355 131
91 385 239
91 440 81
91 499 174
92 67 238
92 69 116
92 75 65
92 128 155
92 205 205
92 235 339
92 281 287
92 291 367
92 414 500
92 457 399
92 470 345
93 21 383
93 26 330
93 82 391
93 92 367
93 109 132
93 116 310
93 132 298
93 235 193
93 262 22
93 293 354
93 354 115
93 360 424
93 446 268
93 499 322
94 35 187
94 232 362
94 313 232
94 323 280
94 337 183
94 343 88
94 394 164
95 63 131
95 107 594
95 114 427
95 231 400
95 331 516
95 392 186
95 394 419
95 454 114
95 474 119
96 1 169
96 20 102
96 26 307
96 34 91
96 79 196
96 191 271
96 232 275
96 297 69
96 483 160
97 74 133
97 110 202
97 145 175
97 183 238
97 238 258
97 248 349
97 265 367
97 269 204
97 280 432
97 302 428
97 333 157
97 390 176
97 414 170
97 453 222
98 102 260
98 145 345
98 157 383
98 185 518
98 346 313
98 387 233
98 476 364
98 480 403
99 58 273
99 113 127
99 320 239
99 352 62
99 367 167
100 46 361
100 79 89
100 189 275
100 215 492
100 396 386
100 435 267
100 461 307
101 39 122
101 69 471
101 84 434
101 161 328
101 193 275
101 207 237
101 214 384
101 286 181
101 300 429
101 346 334
101 347 437
101 396 183
101 426 232
101 471 41
101 484 224
101 489 178
102 3 57
102 61 251
102 72 239
102 106 258
102 124 229
102 173 281
102 458 297
102 500 254
103 13 211
103 45 286
103 67 129
103 177 150
104 12 56
104 65 424
104 90 283
104 137 444
104 146 237
104 152 287
104 225 156
104 250 213
104 343 232
104 448 112
104 455 366
105 26 112
105 61 305
105 86 204
105 116 472
105 164 295
105 188 205
105 191 370
105 295 227
105 309 295
105 326 383
105 348 364
105 468 400
106 13 304
106 35 133
106 140 220
106 141 185
106 192 189
106 228 379
106 274 209
106 296 211
106 324 59
106 334 392
106 382 122
106 419 167
106 423 289
106 437 273
107 9 477
107 20 145
107 126 477
107 160 449
107 195 381
107 279 296
107 311 418
107 315 235
107 356 125
107 358 490
107 368 481
107 423 126
108 59 41
108 97 175
108 186 295
108 244 417
108 269 62
108 303 161
108 364 355
108 439 238
109 20 154
109 54 221
109 138 165
109 205 187
109 215 263
109 368 253
109 499 235
110 75 232
110 85 19
110 150 92
110 272 288
110 280 302
110 313 202
110 344 88
110 413 273
110 430 137
111 135 69
111 151 422
111 209 300
111 232 318
111 238 421
111 480 250
111 490 311
111 498 152
112 4 540
112 35 426
112 67 272
112 141 223
112 188 366
112 214 482
112 289 314
112 298 474
113 3 133
113 24 261
113 45 440
113 59 218
113 87 294
113 94 338
113 153 199
113 177 304
113 215 119
113 261 302
113 296 165
113 341 232
113 445 15
113 489 169
114 36 390
114 80 379
114 133 532
114 195 364
114 215 335
114 281 67
114 295 283
114 365 287
114 391 369
114 467 435
114 471 69
115 11 157
115 34 84
115 130 300
115 145 247
115 177 67
115 182 256
115 269 375
115 270 290
115 288 346
115 291 420
115 312 49
115 333 26
115 352 328
115 456 182
115 481 61
115 497 240
116 27 141
116 57 226
116 106 490
116 121 391
116 155 43
116 204 221
116 212 435
116 227 213
116 389 222
116 447 101
116 491 26
117 16 208
117 169 370
117 194 404
117 247 405
117 362 212
117 428 202
117 500 462
118 21 268
118 106 187
118 107 346
118 153 134
118 213 307
118 229 350
118 277 361
118 332 196
118 381 285
119 97 382
119 108 362
119 317 400
119 323 419
119 344 202
119 359 329
119 420 432
119 483 171
119 499 142
120 12 159
120 31 115
120 212 252
120 222 304
120 225 213
120 244 114
120 295 228
120 388 338
120 490 262
121 2 165
121 42 260
121 53 342
121 99 245
121 126 353
121 292 313
121 384 144
121 411 326
121 416 215
121 454 251
122 11 206
122 74 305
122 75 359
122 97 181
122 121 124
122 194 238
122 245 376
122 283 295
122 293 453
122 298 377
122 318 318
122 339 388
123 30 408
123 39 246
123 59 322
123 61 114
123 217 249
123 331 107
123 358 307
123 381 150
123 383 293
124 43 427
124 103 270
124 115 137
124 120 191
124 197 343
124 238 490
124 325 356
124 332 428
124 420 525
124 443 158
125 63 295
125 139 132
125 206 177
125 273 183
125 319 271
125 398 76
125 417 212
126 93 328
126 163 424
126 367 282
126 377 323
126 381 134
126 417 162
126 454 240
126 457 138
127 24 129
127 49 371
127 79 229
127 172 300
127 401 338
127 440 372
127 462 325
127 469 143
128 48 273
128 67 82
128 99 146
128 158 177
128 189 89
128 232 97
128 237 213
128 251 379
128 474 203
129 4 308
129 22 157
129 70 190
129 200 220
129 213 203
129 313 228
129 469 220
129 483 95
130 27 99
130 51 347
130 66 512
130 99 234
130 153 399
130 215 280
130 224 399
130 305 237
130 312 251
130 351 11
130 360 203
130 384 312
130 416 159
130 456 255
131 3 114
131 37 297
131 42 50
131 68 100
131 78 198
131 331 360
131 415 327
131 486 306
132 35 327
132 41 81
132 65 137
132 108 261
132 184 335
132 253 72
132 272 180
132 319 108
132 338 380
132 373 145
132 385 278
132 414 431
132 435 339
132 450 344
133 9 19
133 181 7
133 327 297
133 398 303
133 406 521
133 446 386
134 124 221
134 228 216
134 233 128
134 242 38
134 308 198
134 316 98
134 347 226
134 404 146
134 483 128
135 26 422
135 36 93
135 61 271
135 62 252
135 77 36
135 84 146
135 119 265
135 215 288
135 287 104
135 494 250
136 34 135
136 127 321
136 134 258
136 198 269
136 202 226
136 250 473
136 354 190
136 445 471
136 446 410
136 482 136
136 493 35
137 87 386
137 103 216
137 110 165
137 222 329
137 326 165
137 330 89
137 378 295
137 388 180
137 418 139
138 16 367
138 47 364
138 72 339
138 94 284
138 209 319
138 212 97
138 273 339
138 336 390
138 407 333
138 431 144
138 452 251
138 480 81
139 19 405
139 88 202
139 114 209
139 145 189
139 168 256
139 175 244
139 185 205
139 250 396
139 283 315
139 310 252
139 369 211
139 376 362
139 467 231
139 496 291
140 77 109
140 119 236
140 174 233
140 211 162
140 227 193
140 242 33
140 256 237
140 259 194
140 319 228
140 365 148
140 366 246
140 381 195
140 398 50
140 438 182
140 485 119
141 13 243
141 139 160
141 185 196
141 262 177
141 287 149
141 346 130
141 378 170
141 407 333
141 478 192
142 5 455
142 105 405
142 185 474
142 228 332
142 241 324
142 284 416
142 369 377
142 451 218
142 487 189
142 500 458
143 84 278
143 204 272
143 242 129
143 289 396
143 309 288
143 340 119
143 342 199
143 371 455
143 464 411
143 465 180
143 481 238
144 41 216
144 74 383
144 91 135
144 150 386
144 193 165
144 293 42
144 361 457
144 396 312
144 397 401
144 435 448
145 25 336
145 74 291
145 103 50
145 115 247
145 153 147
145 177 198
145 209 244
145 240 346
145 273 255
145 426 10
145 448 281
145 457 364
146 46 125
146 91 170
146 113 205
146 236 271
146 253 160
146 272 100
146 284 266
146 293 193
146 352 166
146 388 266
146 424 44
147 12 494
147 38 203
147 61 326
147 169 194
147 190 578
147 228 462
147 249 420
147 309 324
147 335 229
147 365 294
147 485 278
148 14 331
148 28 426
148 57 167
148 119 194
148 139 224
148 146 157
148 157 163
148 206 262
148 210 331
148 212 89
148 288 55
148 304 203
148 350 147
148 450 360
148 477 355
148 496 385
149 13 232
149 37 383
149 177 236
149 252 251
149 373 131
149 386 470
149 473 307
149 497 41
150 84 378
150 88 297
150 181 471
150 190 527
150 265 361
150 274 298
150 288 117
150 469 125
151 38 140
151 95 371
151 261 428
151 313 172
151 315 105
151 340 229
151 355 488
151 424 317
151 429 355
151 439 246
151 477 379
151 478 20
151 485 258
152 5 375
152 10 186
152 55 350
152 92 485
152 194 413
152 204 143
152 299 315
152 307 78
152 338 125
152 492 290
153 20 187
153 267 155
153 301 274
153 451 261
154 40 176
154 58 347
154 237 115
154 357 299
154 375 150
154 412 280
154 463 102
155 63 329
155 94 196
155 104 26
155 110 435
155 277 81
155 346 293
155 367 332
155 382 380
155 391 197
155 402 529
155 405 226
155 419 575
155 449 347
155 466 304
156 126 521
156 139 237
156 237 355
156 256 460
156 271 159
156 279 413
156 392 308
156 424 372
156 432 402
156 480 357
156 483 280
157 53 370
157 149 253
157 291 396
157 321 354
157 349 307
157 369 435
157 468 308
158 88 308
158 189 246
158 210 454
158 300 121
158 326 121
158 336 492
158 350 309
158 372 258
158 373 229
158 405 529
158 430 340
158 446 192
158 459 274
158 476 119
158 493 548
159 42 356
159 98 371
159 101 156
159 171 211
159 217 51
159 297 215
159 305 442
159 328 216
159 351 443
160 49 147
160 84 163
160 150 458
160 239 129
160 378 134
160 415 351
160 426 281
160 459 101
160 466 230
161 69 310
161 102 46
161 163 281
161 200 173
161 238 312
161 249 239
161 255 225
161 269 350
161 329 239
161 343 237
161 386 332
161 480 202
162 4 354
162 51 188
162 61 314
162 136 393
162 157 390
162 276 353
162 304 25
162 444 472
163 88 296
163 209 339
163 309 362
163 391 296
163 415 296
163 443 452
163 483 178
164 43 247
164 134 128
164 152 311
164 217 330
164 365 196
164 371 231
164 402 361
164 423 299
164 429 365
164 475 188
164 492 51
164 493 326
165 73 120
165 74 320
165 109 176
165 212 230
165 250 116
165 269 390
165 277 174
165 319 190
165 495 59
165 499 74
166 43 209
166 46 163
166 80 121
166 180 293
166 220 322
166 390 114
166 437 344
167 3 111
167 45 377
167 66 399
167 68 270
167 78 155
167 111 312
167 133 378
167 191 296
167 381 314
167 382 220
167 435 210
167 469 67
167 473 78
167 498 161
168 17 263
168 112 179
168 135 281
168 234 336
168 284 89
168 315 195
168 348 281
168 358 324
169 44 259
169 51 9
169 115 197
169 197 34
169 227 197
170 90 95
170 236 413
170 255 318
170 267 169
170 368 164
170 419 348
170 422 74
170 453 537
170 490 288
171 5 125
171 75 232
171 134 168
171 307 355
171 406 132
171 436 136
171 476 216
171 484 242
172 2 305
172 11 299
172 20 425
172 30 254
172 53 431
172 66 573
172 89 377
172 127 300
172 152 523
172 191 195
172 209 437
172 248 141
172 278 506
172 291 397
172 396 221
172 429 537
172 480 42
172 497 332
173 8 198
173 106 124
173 183 39
173 298 428
174 39 142
174 41 407
174 343 251
174 344 259
174 352 401
174 391 307
174 448 436
174 471 155
175 21 471
175 40 524
175 63 444
175 221 415
175 256 465
175 269 75
175 293 496
175 299 397
175 424 379
175 445 205
176 21 90
176 46 218
176 110 310
176 152 538
176 213 468
176 219 318
176 243 300
176 266 196
176 302 393
176 398 256
176 410 421
177 14 136
177 19 391
177 122 282
177 124 195
177 126 281
177 245 311
177 350 219
177 377 283
177 382 143
177 421 49
177 490 172
178 26 307
178 49 327
178 88 259
178 182 198
178 267 292
178 394 349
178 454 430
178 490 192
179 11 130
179 146 192
179 213 76
179 230 382
179 328 105
179 414 127
179 430 297
179 439 228
179 445 345
180 7 260
180 46 259
180 49 265
180 270 302
180 283 336
180 308 176
180 310 224
180 386 309
180 435 197
180 467 166
180 499 337
181 27 87
181 111 62
181 131 203
181 161 177
181 166 145
181 222 402
181 307 266
181 345 344
181 407 85
181 472 319
182 17 250
182 18 30
182 70 315
182 109 92
182 152 320
182 204 231
182 244 356
182 319 320
182 433 145
182 458 193
183 91 445
183 263 53
183 362 346
183 369 431
183 376 479
183 435 179
183 489 181
184 37 120
184 227 251
184 234 128
184 249 258
184 360 473
184 374 363
184 396 258
184 416 347
184 471 132
184 481 213
185 32 117
185 197 150
185 277 520
185 325 153
185 401 426
185 433 270
185 470 501
186 2 107
186 92 173
186 105 258
186 127 215
186 224 243
186 268 253
186 365 160
186 399 239
186 406 334
186 436 330
186 437 297
186 497 185
187 33 8
187 35 196
187 48 290
187 58 74
187 136 382
187 152 408
187 209 279
187 238 135
187 297 327
187 371 568
187 489 187
188 135 213
188 267 187
188 273 148
188 284 273
188 348 345
188 414 165
188 461 194
188 480 337
188 485 45
189 29 200
189 256 271
189 393 308
189 397 277
189 458 252
189 467 270
190 41 435
190 103 331
190 169 387
190 274 429
190 309 344
190 426 359
190 457 7
190 475 58
191 24 466
191 85 330
191 116 213
191 145 230
191 163 359
191 187 460
191 201 210
191 299 114
191 427 266
191 447 232
191 448 111
191 450 300
192 17 156
192 48 91
192 82 322
192 124 243
192 166 213
192 184 162
192 187 240
192 302 365
192 332 321
192 390 110
192 475 319
192 485 30
193 19 189
193 54 186
193 66 399
193 116 308
193 145 47
193 324 259
193 357 289
193 391 111
193 480 135
194 42 168
194 44 185
194 68 208
194 134 175
194 139 255
194 151 208
194 196 351
194 236 401
194 285 417
194 295 244
194 329 403
194 490 172
195 1 320
195 3 93
195 101 348
195 228 271
195 286 246
195 367 133
195 415 261
195 445 232
195 456 107
195 460 161
195 492 42
196 28 197
196 169 247
196 180 177
196 205 416
196 407 176
196 428 107
197 15 242
197 33 144
197 52 338
197 70 315
197 72 355
197 85 144
197 88 193
197 96 121
197 141 98
197 149 339
197 187 141
197 201 140
197 260 464
197 296 116
197 300 336
197 313 88
197 340 171
197 353 199
197 482 281
197 498 177
198 39 67
198 53 371
198 103 172
198 162 131
198 264 185
198 415 112
198 483 228
198 497 427
199 83 113
199 95 428
199 109 295
199 135 137
199 192 271
199 221 343
199 231 65
199 260 96
199 348 231
199 413 161
199 417 243
199 430 505
200 39 378
200 61 374
200 101 500
200 170 300
200 185 501
200 253 333
200 415 366
200 441 332
200 482 270
201 72 238
201 113 198
201 241 209
201 410 166
201 445 212
201 482 222
202 10 41
202 16 194
202 90 260
202 98 284
202 109 51
202 126 304
202 153 108
202 285 374
202 290 36
202 330 325
202 369 192
202 484 100
202 489 68
203 36 367
203 92 49
203 205 216
203 362 375
203 438 330
203 441 195
203 483 169
203 496 473
203 500 410
204 17 143
204 58 318
204 231 129
204 269 354
204 354 27
204 356 237
204 392 254
204 399 117
204 480 339
204 496 119
205 23 341
205 48 320
205 55 104
205 144 332
205 162 168
205 273 256
205 320 169
205 391 280
205 411 381
206 11 203
206 102 286
206 118 233
206 237 288
206 246 273
206 265 456
206 315 83
206 361 191
206 385 222
206 406 203
206 491 519
206 499 430
207 50 162
207 118 67
207 153 192
207 289 384
207 335 240
207 356 307
207 469 46
207 478 182
208 11 246
208 78 489
208 203 480
208 206 392
208 322 378
208 328 108
208 413 238
208 430 461
209 22 273
209 111 300
209 144 347
209 191 376
209 283 366
209 330 430
209 378 220
209 434 359
209 454 380
209 472 286
209 484 33
210 29 159
210 56 172
210 93 118
210 142 303
210 160 227
210 232 404
210 261 304
210 278 153
210 350 310
210 420 431
210 476 352
211 19 327
211 82 239
211 151 378
211 186 114
211 272 72
211 312 70
211 318 166
211 321 324
211 387 97
211 421 115
211 448 128
212 4 490
212 20 375
212 66 513
212 157 131
212 171 142
212 244 247
212 257 285
212 300 167
212 447 396
213 26 417
213 35 181
213 68 276
213 97 167
213 119 449
213 173 397
213 178 161
213 186 250
213 202 156
213 254 447
213 278 101
213 307 50
213 474 397
214 32 357
214 34 115
214 119 493
214 193 331
214 216 106
214 298 18
214 458 238
214 474 438
215 54 305
215 77 254
215 111 312
215 192 307
215 297 315
215 308 324
215 455 409
216 129 222
216 162 465
216 177 152
216 210 65
216 246 277
216 259 451
216 389 244
216 410 314
216 426 305
216 487 218
217 15 346
217 106 72
217 207 277
217 381 350
217 384 178
217 387 284
217 487 268
218 87 300
218 116 278
218 169 169
218 240 349
218 250 183
218 271 247
218 276 40
218 284 234
218 294 300
218 318 245
218 327 193
218 448 209
218 457 301
219 5 485
219 7 352
219 15 314
219 40 135
219 52 200
219 90 242
219 160 33
219 193 281
219 209 341
219 276 219
219 344 330
219 411 92
219 416 241
219 437 347
219 441 355
220 61 353
220 145 155
220 158 240
220 207 110
220 253 136
220 289 472
220 314 159
220 350 109
220 374 334
220 409 383
220 438 380
221 20 413
221 180 404
221 216 415
221 239 287
221 323 424
221 350 347
221 377 180
221 387 211
221 413 196
222 40 338
222 77 257
222 111 343
222 159 59
222 170 354
222 209 138
222 382 56
222 396 202
222 432 373
222 436 154
222 442 435
223 3 178
223 56 186
223 70 288
223 113 296
223 160 229
223 172 358
223 207 282
223 238 339
223 242 113
223 269 322
223 322 279
223 452 228
223 480 316
224 2 231
224 17 281
224 41 242
224 59 85
224 162 114
224 188 183
224 254 149
224 264 285
224 422 326
224 494 239
225 30 444
225 67 343
225 72 100
225 114 443
225 132 327
225 193 271
225 209 170
225 216 34
225 278 192
225 389 218
225 423 153
226 11 239
226 21 188
226 185 456
226 209 301
226 252 248
226 416 179
226 443 252
226 456 212
226 500 407
227 4 203
227 232 376
227 292 113
227 332 408
227 385 85
227 402 393
227 417 261
227 483 253
227 492 168
228 49 108
228 91 205
228 128 388
228 129 239
228 158 504
228 212 460
228 314 340
228 360 475
228 457 215
229 26 530
229 42 217
229 54 118
229 77 168
229 96 226
229 137 431
229 217 399
229 260 127
229 337 345
229 372 334
229 373 226
229 422 444
229 429 349
230 66 514
230 79 423
230 80 207
230 127 194
230 155 490
230 279 368
230 306 267
230 475 483
231 6 179
231 69 412
231 98 88
231 106 395
231 111 86
231 186 160
231 299 133
231 311 285
231 321 369
231 379 344
231 391 124
231 405 204
231 450 105
232 7 86
232 17 263
232 102 203
232 120 248
232 124 423
232 188 310
232 250 282
232 268 116
232 381 351
232 384 307
232 458 414
232 478 234
232 482 440
233 43 348
233 86 152
233 116 144
233 141 213
233 167 285
233 188 196
233 209 204
233 218 169
233 300 294
234 69 519
234 128 292
234 155 316
234 192 121
234 303 296
234 364 151
234 408 103
234 434 367
234 487 224
235 49 408
235 61 221
235 78 309
235 122 73
235 141 164
235 145 190
235 240 295
235 323 28
235 350 54
235 393 402
235 396 178
235 400 147
235 463 412
235 479 93
235 482 327
236 1 381
236 2 249
236 22 436
236 103 332
236 205 507
236 217 472
236 237 239
236 293 238
236 340 347
236 406 579
237 85 258
237 97 155
237 130 231
237 169 147
237 215 300
237 276 128
237 331 184
238 12 472
238 118 140
238 261 412
238 289 498
238 318 383
238 496 491
239 28 176
239 66 320
239 100 253
239 141 201
239 149 108
239 233 14
239 234 219
239 324 308
239 333 131
239 375 216
239 383 252
239 467 142
240 14 101
240 185 407
240 263 470
240 490 287
241 98 149
241 186 246
241 401 387
241 414 204
241 423 104
241 452 319
241 487 213
241 492 217
242 111 212
242 181 273
242 212 214
242 303 136
242 345 162
242 417 162
243 32 464
243 48 266
243 75 247
243 105 408
243 112 314
243 139 343
243 145 275
243 178 381
243 195 149
243 257 198
243 381 70
243 425 242
243 459 110
244 25 396
244 122 437
244 159 433
244 247 379
244 298 413
244 341 434
244 385 344
244 499 49
245 23 200
245 81 384
245 179 365
245 191 92
245 242 218
245 292 294
245 335 320
245 363 338
245 392 99
245 412 327
245 444 274
245 477 411
246 129 349
246 158 600
246 262 197
246 293 529
246 348 534
246 377 476
247 2 177
247 10 95
247 58 132
247 77 244
247 80 320
247 113 223
247 135 262
247 158 351
247 212 272
247 243 352
247 284 202
247 353 171
247 428 204
247 450 295
247 473 216
248 12 258
248 68 109
248 140 202
248 156 436
248 272 138
248 339 252
248 348 36
248 353 432
248 427 313
248 447 270
249 43 498
249 129 233
249 197 272
249 218 300
249 308 326
249 317 217
249 331 115
249 358 350
249 367 299
249 369 17
249 374 287
249 395 165
250 1 447
250 43 217
250 47 316
250 52 48
250 68 88
250 371 246
250 415 395
250 450 305
251 25 19
251 35 251
251 158 498
251 171 371
251 179 146
251 222 286
251 250 350
251 305 479
251 316 274
251 383 355
251 453 158
251 461 398
251 464 190
252 5 429
252 67 336
252 291 475
252 331 472
252 344 238
252 499 106
253 47 395
253 146 160
253 218 112
253 241 364
253 367 86
253 407 382
253 424 187
253 425 306
253 497 341
254 70 446
254 103 297
254 120 448
254 127 191
254 213 447
254 237 387
254 280 465
254 286 175
255 3 175
255 18 41
255 120 291
255 175 175
255 206 107
255 262 143
255 296 137
255 310 261
255 321 49
255 326 430
255 489 75
256 29 431
256 53 342
256 60 423
256 93 389
256 126 169
256 207 252
256 264 469
256 332 161
256 394 280
257 43 339
257 74 169
257 90 229
257 129 71
257 157 269
257 190 268
257 299 135
257 353 176
257 436 293
257 492 95
257 494 279
258 12 292
258 53 311
258 118 63
258 165 180
259 86 214
259 205 11
259 269 171
259 356 277
259 367 152
259 374 321
259 446 64
259 450 437
259 461 144
260 10 390
260 113 499
260 117 91
260 155 93
260 179 375
260 193 371
260 290 395
260 301 419
260 372 444
260 467 267
260 483 383
261 8 266
261 211 173
261 341 434
261 360 180
261 391 139
261 436 458
261 443 357
261 472 246
261 481 270
262 25 185
262 30 319
262 223 84
262 275 283
262 303 251
262 406 316
263 79 382
263 146 280
263 245 305
263 383 131
263 407 512
263 435 231
263 499 338
264 9 398
264 27 337
264 85 346
264 128 332
264 160 370
264 161 271
264 203 487
264 208 212
264 258 242
264 324 177
264 325 181
264 365 396
264 391 285
264 456 238
265 1 467
265 59 405
265 74 455
265 151 368
265 199 313
265 214 451
265 245 33
265 279 285
265 297 273
265 319 61
265 325 369
265 441 222
265 453 529
266 21 181
266 22 104
266 26 301
266 30 198
266 46 31
266 55 164
266 216 330
266 313 275
266 323 277
266 381 242
266 423 354
266 495 173
267 131 143
267 154 187
267 234 259
267 249 321
267 285 397
267 314 9
267 344 11
267 380 241
267 475 345
268 52 325
268 201 224
268 207 71
268 244 336
268 360 280
268 388 35
268 409 348
269 2 321
269 15 340
269 121 161
269 299 383
269 302 612
269 380 198
270 23 185
270 95 168
270 296 138
270 302 354
270 309 346
270 334 238
270 387 118
270 424 124
270 477 367
270 499 88
271 2 223
271 43 400
271 44 344
271 103 179
271 169 88
271 180 146
271 217 53
271 240 279
271 360 417
271 489 117
271 492 254
272 46 196
272 47 212
272 64 339
272 198 321
272 209 272
272 211 72
272 232 273
272 233 90
272 250 121
272 336 211
272 380 321
272 381 91
272 414 379
272 498 102
272 500 356
273 11 196
273 15 370
273 18 132
273 105 183
273 134 232
273 206 30
273 297 278
273 380 82
273 382 81
273 409 495
273 412 106
273 482 315
273 496 380
274 10 135
274 11 207
274 47 282
274 74 75
274 77 324
274 159 95
274 193 332
274 232 433
274 243 390
274 333 177
274 370 59
274 415 89
274 417 398
275 20 293
275 53 230
275 55 287
275 59 381
275 83 111
275 212 245
275 219 159
275 246 462
275 391 76
275 434 161
276 11 157
276 71 346
276 171 196
276 290 221
276 328 318
276 392 68
276 418 122
276 422 224
276 463 189
277 51 353
277 111 81
277 283 337
277 368 176
277 383 370
277 414 438
277 442 70
278 41 473
278 230 455
278 246 88
278 254 415
278 352 438
278 388 407
278 413 335
278 428 199
278 431 486
278 442 375
278 490 245
279 7 255
279 69 403
279 83 56
279 147 394
279 180 178
279 188 171
279 272 108
279 283 285
279 291 422
280 56 578
280 63 92
280 102 274
280 107 594
280 149 313
280 259 313
280 302 431
280 316 240
280 321 442
280 400 438
280 435 500
281 10 225
281 80 314
281 168 145
281 198 126
281 229 452
281 253 175
281 266 220
281 307 397
281 421 262
281 423 356
281 457 518
282 3 223
282 57 182
282 67 271
282 105 303
282 137 397
282 147 356
282 242 156
282 365 330
283 15 24
283 23 253
283 112 70
283 134 222
283 143 162
283 154 212
283 156 310
283 197 249
283 210 370
283 305 89
283 348 177
283 434 18
283 489 208
284 59 153
284 88 309
284 96 272
284 158 227
284 189 174
284 430 120
284 463 447
285 42 259
285 166 250
285 179 369
285 187 594
285 278 415
285 301 416
285 327 394
285 336 25
285 350 503
285 357 402
286 59 163
286 93 297
286 125 107
286 155 456
286 255 156
286 257 255
286 306 306
286 410 188
286 436 143
287 41 300
287 47 170
287 149 186
287 307 146
287 359 124
287 390 105
287 420 352
287 448 218
287 474 271
287 488 140
288 9 425
288 228 427
288 261 327
288 317 442
288 384 259
288 488 250
289 178 451
289 226 75
289 240 406
289 293 119
289 340 282
289 444 136
289 460 318
290 37 143
290 67 176
290 73 120
290 74 121
290 175 288
290 221 364
290 234 79
290 330 361
290 352 306
290 448 320
291 109 260
291 225 470
291 236 605
291 372 207
291 378 410
292 40 33
292 59 417
292 96 194
292 97 273
292 118 325
292 201 198
292 342 387
292 368 231
292 411 161
293 39 358
293 126 81
293 228 345
293 243 143
293 262 355
293 280 201
293 395 517
293 472 252
293 482 347
294 76 84
294 96 216
294 112 453
294 239 149
294 252 434
294 310 198
294 360 462
294 399 27
294 418 406
294 452 385
294 471 425
294 496 12
294 498 265
295 2 91
295 28 319
295 109 92
295 113 277
295 158 377
295 217 157
295 228 185
295 258 134
295 285 359
295 311 248
295 343 158
295 485 16
296 22 113
296 29 197
296 44 165
296 178 243
296 187 245
296 425 180
297 2 19
297 65 343
297 174 239
297 295 99
297 414 263
298 64 459
298 113 422
298 124 191
298 243 269
298 246 161
298 368 373
298 384 147
298 400 163
298 464 129
298 467 61
298 469 426
299 11 161
299 37 279
299 109 164
299 122 343
299 124 191
299 137 251
299 172 226
299 229 180
299 263 327
299 277 170
299 439 91
299 489 186
299 493 330
300 17 220
300 103 234
300 105 326
300 148 206
300 173 375
300 191 131
300 250 149
300 283 104
300 373 125
300 463 289
301 3 352
301 117 329
301 139 197
301 205 433
301 264 68
301 302 420
301 408 111
301 455 142
302 32 580
302 58 554
302 77 253
302 98 129
302 142 207
302 165 260
302 170 420
302 382 470
302 386 605
302 411 174
303 162 217
303 300 215
303 369 375
303 426 74
304 9 527
304 21 452
304 77 351
304 115 365
304 175 63
304 200 501
304 213 364
304 220 110
304 296 236
304 309 303
304 396 154
304 420 47
304 468 455
305 44 211
305 216 454
305 363 393
305 450 444
305 452 372
305 482 474
305 491 424
306 25 503
306 41 137
306 45 534
306 88 303
306 130 197
306 137 173
306 224 368
306 255 404
306 273 515
306 325 426
306 340 218
306 345 216
307 104 211
307 131 339
307 210 36
307 212 441
307 232 438
307 301 141
308 22 150
308 56 279
308 75 345
308 165 317
308 213 292
308 258 137
308 277 457
308 300 386
308 397 275
308 465 242
309 183 350
309 191 389
309 229 266
309 232 400
309 299 276
309 369 94
309 372 228
309 432 432
310 74 267
310 145 173
310 262 205
310 347 208
310 360 265
310 401 196
311 12 315
311 41 85
311 151 231
311 192 205
311 415 294
311 479 195
311 495 191
312 55 278
312 63 316
312 195 164
312 208 100
312 211 70
312 217 286
312 237 79
312 281 350
312 295 128
312 374 167
312 416 230
312 439 188
313 10 123
313 32 78
313 46 257
313 123 241
313 136 248
313 286 226
313 322 366
313 349 110
313 399 348
313 400 111
313 485 152
314 29 261
314 102 91
314 255 161
314 263 179
314 274 324
314 331 286
314 358 245
314 375 109
314 405 355
314 408 349
314 467 310
314 475 343
315 15 281
315 89 26
315 102 217
315 207 201
315 229 401
315 278 253
315 347 372
315 355 407
315 396 160
315 445 210
316 5 275
316 6 296
316 69 270
316 290 187
316 328 292
316 432 168
316 487 40
316 499 118
316 500 283
317 33 519
317 94 193
317 106 466
317 205 470
317 235 441
317 360 394
317 413 184
318 69 498
318 85 333
318 89 232
318 96 111
318 119 425
318 134 140
318 147 356
318 229 202
318 280 467
318 385 53
318 395 174
318 461 303
319 2 295
319 4 546
319 23 277
319 28 414
319 36 340
319 51 316
319 94 383
319 96 318
319 144 179
319 157 43
319 387 221
319 392 127
319 393 415
320 7 130
320 40 293
320 63 298
320 81 215
320 125 49
320 130 322
320 279 189
320 384 108
321 74 232
321 83 329
321 103 185
321 150 102
321 160 432
321 246 302
321 292 377
321 433 187
321 475 479
322 7 141
322 32 396
322 81 376
322 89 337
322 110 219
322 145 152
322 152 442
322 177 300
322 223 279
322 251 386
322 262 327
322 264 414
322 310 183
322 375 27
323 6 361
323 174 101
323 251 358
323 292 397
323 329 481
323 431 439
323 477 282
324 17 312
324 18 100
324 119 425
324 232 321
324 240 254
324 260 523
324 267 226
324 380 72
324 401 439
324 438 353
325 20 167
325 23 289
325 103 150
325 105 126
325 159 76
325 203 356
325 254 215
325 266 225
325 363 78
325 380 85
326 17 323
326 99 141
326 134 373
326 178 572
326 184 531
326 197 416
326 314 273
326 480 127
327 102 239
327 136 557
327 164 218
327 180 427
327 244 118
327 245 78
327 297 316
327 450 426
327 457 384
327 466 142
327 471 406
327 478 399
328 47 125
328 80 425
328 166 327
328 382 209
328 459 346
329 205 502
329 216 116
329 308 468
329 407 58
329 454 393
330 56 523
330 85 230
330 103 230
330 191 185
330 222 371
330 234 438
330 253 148
330 325 358
330 329 443
330 344 186
330 432 55
330 439 189
331 14 43
331 34 56
331 42 344
331 93 55
331 119 464
331 130 411
331 131 360
331 227 133
331 248 407
331 297 175
331 340 295
331 364 146
331 385 79
331 417 342
331 430 306
331 439 266
332 163 221
332 191 217
332 237 307
332 273 437
332 328 495
332 399 456
332 401 159
332 422 51
332 454 75
333 156 405
333 159 194
333 171 297
333 247 211
333 415 135
333 442 255
333 452 271
333 459 280
333 483 265
334 83 48
334 96 182
334 133 104
334 155 85
334 349 360
334 350 349
334 435 419
334 494 325
335 150 200
335 196 209
335 218 195
335 231 253
335 282 127
335 293 350
335 348 341
335 411 318
335 451 185
336 15 399
336 26 628
336 146 295
336 151 568
336 190 27
336 345 449
336 353 405
336 461 552
336 485 340
337 49 329
337 56 113
337 97 86
337 114 258
337 119 469
337 141 232
337 297 218
337 350 186
337 412 121
337 460 158
337 475 437
337 487 261
338 113 384
338 276 335
338 291 350
338 292 277
338 304 299
338 400 105
338 427 346
338 475 408
339 82 280
339 130 216
339 207 332
339 247 273
339 297 84
339 480 318
340 7 64
340 16 321
340 53 308
340 95 221
340 127 159
340 138 48
340 157 126
340 253 75
340 277 288
340 307 313
340 392 37
340 424 112
340 467 302
341 32 44
341 41 337
341 91 414
341 176 455
341 201 225
341 276 304
341 285 536
341 311 271
341 428 278
342 62 107
342 77 326
342 100 221
342 127 128
342 249 298
342 250 471
342 263 252
342 321 56
342 326 521
342 363 125
342 408 165
342 413 365
343 9 294
343 113 424
343 155 208
343 170 453
343 193 316
343 257 167
343 331 128
343 398 314
343 409 414
343 431 435
343 461 377
343 476 404
344 56 352
344 57 129
344 72 338
344 155 352
344 401 226
344 414 355
344 439 72
345 22 75
345 34 313
345 44 213
345 98 414
345 162 262
345 219 367
345 485 247
345 491 422
345 492 179
346 49 300
346 92 105
346 103 117
346 122 307
346 141 130
346 149 199
346 150 277
346 189 140
346 225 283
346 446 169
346 492 95
347 70 382
347 100 190
347 115 94
347 127 354
347 306 485
347 363 248
347 428 148
347 469 457
348 26 476
348 51 317
348 94 306
348 182 345
348 313 423
348 319 150
348 329 295
348 375 119
348 400 353
348 437 420
348 488 111
348 491 258
349 2 230
349 56 305
349 77 277
349 108 41
349 169 100
349 237 240
349 287 234
349 328 336
349 387 245
349 443 358
349 455 185
349 478 82
350 9 443
350 16 331
350 49 400
350 65 349
350 201 183
350 207 168
350 328 324
350 359 340
350 371 477
350 378 275
350 399 378
350 439 195
350 442 471
351 157 200
351 186 166
351 299 141
351 315 434
351 317 203
351 464 505
351 487 201
352 20 355
352 47 377
352 64 234
352 165 124
352 219 279
352 225 340
352 236 355
352 278 438
352 324 372
352 359 256
352 373 104
352 413 150
352 422 130
352 430 356
352 495 142
353 162 305
353 164 309
353 248 432
353 289 415
353 387 274
353 400 100
353 401 460
353 461 270
353 489 212
354 136 190
354 169 200
354 311 290
354 356 264
355 28 105
355 30 506
355 42 268
355 74 254
355 109 291
355 122 474
355 195 244
355 249 155
355 265 380
355 278 266
355 316 267
355 342 416
355 378 178
355 423 225
355 426 328
356 91 401
356 130 476
356 140 239
356 230 347
356 231 361
356 238 274
356 293 463
356 328 246
356 332 442
356 350 146
356 415 95
357 60 342
357 77 264
357 83 252
357 90 381
357 195 290
357 229 281
357 340 297
357 358 393
357 444 266
357 455 65
358 74 403
358 92 223
358 114 489
358 126 55
358 203 263
358 264 414
358 288 342
358 309 380
358 323 452
358 345 275
358 425 317
358 473 271
359 51 257
359 63 267
359 66 343
359 125 282
359 144 161
359 154 93
359 212 353
359 251 160
359 254 497
359 279 63
359 460 205
360 64 270
360 67 318
360 97 402
360 143 278
360 168 228
360 356 485
360 385 402
360 388 314
360 404 232
360 426 235
360 478 395
361 52 494
361 118 340
361 125 282
361 140 303
361 248 492
361 251 236
361 263 415
361 269 292
361 339 307
361 443 212
361 450 274
361 465 312
361 491 445
362 73 121
362 139 171
362 153 216
362 155 193
362 208 129
362 263 367
362 304 333
362 342 262
362 424 134
362 482 105
362 495 217
363 107 159
363 164 240
363 400 20
363 410 73
363 436 219
363 464 220
364 174 253
364 204 42
364 280 443
364 301 174
364 375 307
364 477 104
365 48 327
365 95 154
365 174 351
365 188 284
365 202 243
365 317 389
365 343 412
365 355 407
365 401 179
366 70 136
366 80 188
366 159 431
366 222 404
366 297 223
366 322 180
366 375 187
366 385 321
366 440 195
366 497 85
367 94 217
367 118 48
367 120 178
367 294 325
367 348 235
367 354 226
367 383 55
368 8 233
368 9 167
368 14 421
368 16 353
368 160 144
368 248 47
368 278 423
368 390 165
368 427 267
369 20 94
369 158 509
369 159 216
369 209 112
369 216 117
369 348 397
369 417 351
369 480 447
370 26 381
370 42 451
370 61 94
370 67 338
370 74 95
370 159 153
370 232 491
370 269 324
370 384 214
371 262 344
371 263 560
371 319 419
371 341 507
371 481 262
372 50 196
372 136 326
372 138 152
372 159 167
372 165 208
372 257 149
372 373 263
372 397 280
372 462 282
372 494 212
373 35 385
373 116 217
373 149 131
373 180 334
373 232 234
373 262 316
373 329 274
373 355 279
373 408 462
373 411 86
373 424 115
373 429 454
373 434 151
373 453 452
373 455 369
373 465 150
374 65 249
374 119 212
374 183 359
374 222 307
374 358 84
374 414 400
374 428 152
374 448 102
374 482 265
374 487 93
375 14 392
375 125 199
375 147 355
375 176 134
375 215 117
375 309 358
375 439 99
375 440 308
375 460 217
375 484 339
375 487 136
376 6 242
376 141 306
376 144 155
376 189 303
376 207 379
376 268 438
376 355 128
376 363 329
376 371 87
376 433 246
377 19 164
377 74 372
377 101 251
377 162 251
377 225 364
377 332 132
377 442 432
378 8 240
378 10 183
378 38 327
378 119 269
378 120 73
378 169 200
378 201 92
378 269 379
378 353 267
378 381 76
379 23 308
379 45 302
379 136 295
379 168 197
379 303 170
379 373 351
379 395 297
379 428 239
379 444 357
380 49 336
380 66 175
380 75 390
380 88 234
380 104 397
380 110 242
380 270 336
380 476 378
381 72 81
381 83 41
381 278 275
381 281 390
381 405 204
381 408 349
381 452 346
381 495 140
381 496 120
382 34 122
382 93 104
382 147 210
382 233 267
382 250 424
382 302 470
382 338 109
382 409 441
382 462 381
383 198 165
383 209 259
383 215 181
383 232 126
383 320 94
383 423 332
383 449 401
383 488 203
384 104 269
384 112 344
384 137 339
384 190 299
384 194 237
384 275 232
384 299 180
384 309 102
384 371 305
384 380 132
385 25 157
385 26 336
385 61 94
385 116 288
385 124 216
385 228 156
385 404 215
385 417 264
385 473 276
385 495 271
386 69 377
386 101 132
386 114 83
386 175 62
386 180 309
386 253 185
386 363 269
386 393 508
386 456 252
387 172 234
387 193 88
387 200 182
387 210 195
387 217 284
387 229 194
387 371 262
387 452 254
387 497 189
388 4 437
388 51 198
388 169 204
388 203 240
388 215 210
388 217 244
388 251 462
388 284 2
388 400 284
389 12 187
389 57 33
389 82 158
389 117 261
389 125 192
389 217 319
389 267 128
389 369 293
390 77 75
390 477 261
390 482 252
391 31 164
391 59 322
391 66 367
391 92 209
391 95 291
391 213 222
391 238 327
391 366 150
391 388 311
391 438 84
391 442 226
392 159 305
392 192 193
392 262 265
392 308 260
392 314 65
392 319 127
392 333 291
392 350 223
392 362 237
392 365 67
392 411 205
393 31 234
393 96 221
393 162 495
393 209 242
393 228 100
393 251 105
393 255 361
393 330 424
393 412 335
393 492 216
394 64 451
394 95 419
394 132 302
394 168 393
394 169 304
394 179 251
394 182 356
394 220 443
394 268 431
394 300 327
394 443 189
394 447 40
395 104 408
395 198 268
395 222 252
395 334 353
395 384 229
395 490 311
396 4 417
396 37 138
396 38 59
396 85 12
396 88 262
396 173 113
396 257 254
396 260 523
396 411 362
397 8 405
397 51 223
397 54 326
397 121 262
397 132 398
397 151 369
397 153 244
397 169 215
397 175 408
397 182 265
397 217 207
397 270 395
397 340 342
397 346 373
397 365 423
397 396 391
397 463 329
397 482 129
397 495 380
398 7 53
398 32 247
398 82 244
398 169 123
398 247 159
398 293 248
398 295 175
398 336 391
398 351 275
398 447 278
398 486 178
399 108 431
399 154 201
399 187 461
399 249 117
399 279 112
399 286 431
399 336 171
399 464 259
399 486 471
400 34 65
400 71 248
400 75 334
400 148 234
400 163 279
400 173 265
400 183 269
400 296 144
400 480 347
401 55 332
401 74 452
401 76 350
401 145 227
401 206 475
401 226 195
401 240 488
401 299 154
401 378 206
401 397 472
401 438 217
401 462 100
402 16 442
402 67 104
402 70 378
402 118 165
402 205 96
402 230 162
402 435 156
403 18 209
403 26 233
403 61 429
403 83 356
403 139 313
403 173 180
403 183 141
403 357 416
403 404 314
403 421 317
404 9 145
404 72 175
404 235 335
404 263 356
404 289 138
404 383 231
404 442 198
404 453 369
405 17 259
405 30 482
405 51 273
405 103 291
405 221 482
405 305 514
405 401 444
405 420 461
405 434 433
406 28 582
406 55 136
406 171 132
406 212 211
406 305 342
406 411 467
406 420 99
406 421 327
406 432 360
407 223 223
407 251 195
407 271 435
407 375 306
407 435 501
408 8 410
408 14 58
408 19 546
408 43 552
408 45 179
408 96 221
408 112 522
408 201 289
408 203 530
408 211 335
408 361 16
408 389 377
408 415 117
408 424 348
408 453 134
408 500 165
409 49 322
409 86 212
409 127 362
409 177 345
409 189 284
409 367 260
409 407 265
410 18 72
410 63 381
410 153 30
410 200 395
410 238 205
410 276 254
410 392 245
410 402 180
410 452 55
410 477 226
411 30 417
411 161 139
411 167 323
411 182 353
411 226 53
411 455 371
411 463 86
411 488 101
412 28 419
412 197 30
412 200 381
412 293 374
412 300 361
412 304 146
412 424 226
412 428 197
412 474 336
412 492 204
413 15 173
413 128 232
413 180 265
413 266 151
413 267 174
413 278 335
413 386 379
413 403 306
413 424 49
413 451 127
413 452 321
413 456 143
414 7 388
414 131 445
414 170 516
414 435 243
415 22 237
415 31 398
415 73 169
415 127 159
415 134 140
415 150 238
415 294 252
415 300 412
415 324 113
415 350 169
415 414 126
415 436 242
416 17 118
416 61 351
416 65 167
416 223 223
416 299 86
416 356 358
416 398 117
416 438 175
416 488 76
417 14 375
417 36 209
417 152 386
417 342 366
417 365 131
417 392 73
417 455 330
418 9 279
418 116 327
418 139 367
418 185 370
418 197 310
418 297 264
418 302 369
418 319 49
418 377 163
418 401 67
418 430 381
418 448 229
418 453 518
419 42 416
419 48 376
419 107 399
419 127 182
419 275 430
419 295 335
419 321 180
419 345 233
419 402 48
419 417 377
419 448 528
420 17 411
420 20 338
420 70 449
420 74 352
420 81 394
420 170 401
420 270 370
420 475 590
420 487 352
420 495 472
421 24 268
421 60 309
421 78 326
421 104 240
421 138 215
421 168 260
421 196 141
421 217 209
421 283 263
421 324 206
422 29 484
422 304 404
422 421 376
422 437 535
422 464 630
422 476 125
423 73 241
423 120 325
423 157 445
423 180 113
423 201 240
423 261 406
423 358 397
423 368 399
423 396 391
423 469 412
423 472 354
423 493 41
424 16 241
424 54 87
424 173 337
424 253 187
424 293 154
424 301 322
424 338 290
424 350 256
424 443 248
424 478 335
425 31 330
425 44 261
425 83 174
425 95 467
425 307 88
425 349 259
425 369 83
425 486 352
425 496 148
426 28 364
426 40 303
426 137 177
426 296 48
426 342 236
426 363 176
426 369 309
426 425 227
427 21 324
427 73 285
427 137 479
427 172 444
427 277 103
427 284 525
427 343 207
427 424 229
427 469 485
428 38 349
428 90 236
428 146 101
428 185 347
428 192 101
428 204 44
428 310 91
428 313 244
428 384 79
428 488 142
428 495 187
429 62 147
429 97 168
429 124 334
429 129 298
429 166 413
429 208 255
429 274 44
429 370 25
429 445 435
429 468 343
429 479 323
430 66 382
430 113 202
430 117 543
430 119 387
430 176 447
430 375 330
431 22 261
431 49 360
431 55 325
431 89 407
431 137 182
431 222 394
431 296 241
431 456 241
431 473 198
432 76 398
432 132 104
432 138 114
432 178 468
432 240 501
432 241 412
432 339 312
432 351 189
433 45 200
433 107 234
433 132 210
433 159 156
433 194 201
433 212 273
433 214 193
433 232 271
433 237 61
433 275 203
433 334 178
433 367 121
433 387 110
434 38 172
434 59 312
434 82 159
434 111 242
434 146 168
434 160 287
434 239 255
434 264 406
434 266 67
434 274 426
434 325 287
434 327 112
434 353 405
434 372 190
434 386 268
434 400 307
434 458 419
435 51 161
435 102 293
435 126 498
435 134 253
435 163 222
435 247 114
435 342 47
435 379 89
435 479 136
435 498 308
436 38 182
436 54 426
436 78 276
436 100 347
436 155 519
436 194 245
436 212 255
436 242 235
436 314 226
436 358 468
436 381 426
436 384 276
436 426 221
437 51 210
437 60 386
437 84 405
437 96 165
437 100 30
437 207 388
437 215 476
437 248 423
437 304 341
437 309 40
437 373 384
437 454 429
438 134 159
438 170 285
438 172 312
438 253 278
438 256 225
438 309 259
438 444 61
439 24 288
439 39 162
439 106 257
439 132 89
439 220 215
439 275 126
439 283 131
439 307 276
439 341 247
439 444 224
439 462 165
440 12 25
440 31 191
440 48 238
440 50 281
440 66 352
440 226 108
440 241 155
440 260 123
440 279 118
440 305 409
440 321 415
440 351 208
440 419 549
440 444 38
441 50 152
441 118 7
441 150 145
441 173 171
441 219 355
441 227 276
441 305 216
441 329 403
441 386 169
441 411 286
441 451 251
441 492 152
442 17 205
442 45 301
442 158 472
442 274 432
442 284 536
442 303 430
442 393 115
442 446 452
442 452 480
442 459 202
442 484 377
443 58 405
443 83 201
443 89 318
443 187 419
443 238 468
443 241 33
443 463 232
444 31 175
444 72 48
444 73 202
444 78 417
444 119 360
444 209 250
444 256 282
444 262 239
444 278 284
444 292 25
444 301 292
444 352 288
444 407 66
444 430 456
444 459 167
444 468 7
444 488 160
445 27 314
445 117 484
445 162 231
445 175 205
445 259 71
445 281 155
445 290 276
445 306 255
445 348 286
445 367 134
445 382 301
445 460 227
446 32 217
446 58 107
446 63 266
446 144 282
446 205 54
446 320 126
446 379 152
446 474 227
446 488 230
446 490 118
447 43 401
447 56 284
447 59 414
447 75 305
447 136 269
447 206 407
447 243 92
447 409 282
447 416 248
448 77 138
448 103 256
448 158 349
448 206 482
448 216 223
448 233 143
448 276 174
448 289 37
448 328 324
448 340 245
448 404 102
448 467 262
449 3 387
449 42 440
449 43 593
449 70 508
449 94 195
449 116 388
449 193 400
449 259 472
449 289 451
449 468 323
449 485 225
450 19 449
450 31 273
450 43 454
450 64 459
450 67 362
450 78 462
450 81 115
450 82 361
450 202 212
450 280 463
450 311 347
450 348 317
450 357 193
450 366 272
450 414 259
451 43 364
451 108 345
451 153 261
451 178 256
451 246 307
451 315 295
451 324 294
451 438 77
451 488 138
452 105 88
452 110 135
452 261 405
452 313 72
452 315 3
452 388 162
452 391 281
452 446 151
453 14 117
453 29 146
453 57 346
453 118 396
453 119 563
453 213 123
453 215 551
453 272 365
453 308 333
453 375 462
453 381 299
453 386 473
453 395 59
453 479 389
454 96 266
454 114 362
454 148 147
454 149 256
454 159 380
454 190 372
454 215 83
454 274 451
454 289 281
454 338 433
455 102 221
455 113 317
455 118 240
455 146 221
455 167 245
455 230 359
455 246 171
455 378 249
455 394 316
455 402 281
455 415 20
455 430 240
455 444 296
456 9 284
456 65 274
456 72 265
456 85 172
456 92 206
456 226 212
456 393 261
456 425 173
456 443 260
456 452 178
456 471 206
456 494 201
457 50 305
457 69 463
457 87 494
457 120 207
457 159 434
457 172 422
457 180 356
457 265 340
457 384 298
458 19 511
458 145 295
458 160 451
458 180 120
458 222 124
458 297 266
458 326 587
458 366 487
458 371 474
458 390 301
458 399 336
458 427 434
459 22 286
459 23 111
459 27 57
459 197 325
459 246 486
459 265 145
459 269 465
459 351 54
459 377 261
459 386 427
459 465 155
460 63 303
460 90 238
460 145 114
460 180 100
460 242 45
460 258 72
460 274 197
460 279 147
460 362 114
460 387 125
461 74 289
461 127 92
461 155 486
461 159 160
461 241 371
461 250 451
461 318 303
461 323 64
461 355 460
461 362 302
462 30 379
462 78 293
462 106 420
462 172 218
462 277 142
462 385 290
462 419 466
462 433 239
463 61 323
463 125 329
463 196 182
463 256 238
463 282 216
463 368 166
463 443 232
464 113 488
464 140 353
464 265 553
464 281 410
464 306 619
464 340 418
465 16 231
465 104 232
465 116 238
465 142 197
465 319 235
465 347 241
465 392 119
465 411 168
465 468 170
465 483 99
466 94 261
466 95 185
466 173 295
466 281 266
466 291 355
466 350 245
466 383 144
466 437 358
467 40 108
467 54 214
467 79 226
467 127 307
467 248 358
467 256 393
467 291 462
467 338 172
467 358 309
467 420 449
467 437 120
467 477 87
467 500 308
468 112 351
468 269 472
468 357 272
468 381 33
469 9 439
469 16 427
469 23 327
469 51 189
469 75 219
469 188 267
469 245 241
469 281 125
469 366 370
469 394 415
469 462 321
469 486 86
470 190 63
470 297 179
470 321 430
470 353 346
470 435 485
470 478 498
470 487 199
470 498 218
471 26 95
471 48 249
471 77 314
471 103 197
471 265 388
471 285 548
471 389 308
472 30 152
472 90 150
472 102 118
472 103 92
472 113 72
472 114 241
472 132 70
472 138 60
472 145 43
472 188 219
472 259 127
472 281 174
472 295 219
472 318 292
472 361 373
472 362 244
473 79 371
473 122 222
473 206 295
473 242 150
473 319 155
473 344 59
473 464 466
473 470 354
474 29 403
474 33 402
474 61 435
474 166 120
474 240 481
474 247 342
474 365 123
474 448 220
474 460 276
475 69 418
475 78 451
475 95 413
475 175 586
475 190 58
475 240 381
475 289 56
475 324 477
475 343 284
476 120 144
476 155 339
476 210 352
476 257 249
476 260 377
476 315 321
476 356 403
476 391 164
477 178 136
477 200 333
477 305 491
477 352 407
477 454 421
478 27 416
478 189 192
478 324 163
478 351 483
478 371 567
478 451 383
478 462 427
478 493 424
478 498 288
479 29 243
479 255 84
479 410 116
479 415 213
480 6 453
480 18 295
480 20 384
480 88 240
480 107 502
480 190 391
480 196 400
480 245 72
480 249 438
480 287 282
480 337 424
480 351 224
480 484 393
481 40 161
481 45 153
481 50 235
481 58 285
481 128 247
481 185 324
481 247 173
481 307 119
481 320 141
481 330 349
481 396 290
481 418 309
482 26 464
482 43 484
482 51 252
482 136 136
482 171 357
482 198 293
482 311 365
482 317 185
482 361 218
482 365 401
482 374 265
482 425 90
483 3 24
483 8 86
483 22 98
483 50 83
483 86 57
483 148 75
483 155 321
483 157 126
483 224 170
483 275 148
483 342 280
483 382 258
483 424 117
483 426 44
484 4 123
484 119 437
484 134 151
484 164 272
484 192 111
484 331 46
484 345 317
484 387 233
484 431 424
484 445 334
484 498 232
484 500 138
485 31 318
485 80 294
485 84 287
485 113 264
485 125 143
485 131 251
485 183 276
485 326 435
485 349 187
485 420 298
485 424 155
485 449 225
485 458 181
485 467 157
486 124 478
486 207 128
486 261 409
486 330 287
486 345 160
486 457 536
486 476 284
487 10 161
487 38 268
487 56 302
487 60 308
487 138 134
487 176 259
487 177 143
487 213 212
487 335 166
487 339 136
487 348 176
487 355 232
487 406 320
487 439 56
487 459 147
487 484 219
487 491 258
487 495 130
488 10 227
488 69 274
488 90 99
488 96 167
488 106 341
488 110 249
488 254 423
488 289 166
488 292 177
488 336 254
488 381 130
488 414 383
489 39 56
489 63 295
489 77 173
489 97 94
489 136 291
489 253 144
489 285 408
489 407 337
489 459 272
489 480 247
489 491 372
490 60 157
490 99 259
490 200 369
490 325 54
490 460 87
490 476 265
491 133 91
491 138 364
491 193 333
491 264 375
491 299 223
491 384 298
491 447 114
492 68 99
492 122 299
492 127 198
492 259 261
492 275 98
492 306 259
492 355 231
492 456 73
492 490 185
493 32 334
493 120 351
493 156 452
493 164 326
493 283 465
493 447 236
494 111 275
494 112 53
494 120 206
494 143 181
494 145 150
494 186 177
494 310 245
494 341 333
494 351 258
494 375 80
494 379 300
494 409 186
495 111 67
495 163 351
495 193 165
495 214 332
495 363 309
495 370 456
495 409 103
495 483 174
496 14 252
496 33 468
496 43 473
496 140 274
496 193 313
496 324 359
496 350 381
496 414 276
496 415 249
496 441 361
496 485 207
496 491 162
497 49 159
497 110 402
497 146 213
497 156 541
497 287 226
497 338 399
498 169 156
498 271 240
498 343 264
498 426 79
498 436 294
499 37 335
499 78 236
499 286 283
499 347 341
499 353 402
499 388 332
499 424 121
499 455 370
499 467 326
499 478 390
500 4 227
500 33 124
500 145 223
500 167 200
500 239 318
500 250 457
500 259 228
500 270 337
500 281 145
500 358 446
500 383 202
500 400 132
500 410 63
500 412 78
500 436 136
500 446 216
500 469 251
