200 2080 10 
1 11 179
1 13 75
1 21 158
1 62 131
1 72 95
1 190 176
1 196 121
2 3 132
2 14 158
2 22 61
2 73 133
2 81 187
2 88 218
2 193 143
2 200 101
3 30 91
3 76 33
3 82 91
3 84 53
3 94 73
3 104 101
3 113 85
3 173 22
3 185 30
3 200 105
4 3 77
4 11 175
4 19 132
4 20 16
4 39 86
4 47 164
4 57 76
4 79 189
4 80 139
4 107 165
4 175 181
4 197 176
5 30 210
5 40 198
5 54 121
5 58 81
5 78 183
5 97 10
5 101 97
5 114 21
5 116 111
5 120 171
5 145 93
5 177 73
6 35 188
6 67 162
6 69 16
6 102 111
6 141 152
6 149 125
6 163 186
7 13 49
7 56 122
7 198 23
8 32 193
8 37 97
8 40 131
8 77 86
8 86 121
8 103 121
8 113 37
8 181 59
9 15 59
9 66 185
9 79 54
9 83 102
9 108 159
9 149 138
9 196 72
10 47 127
10 50 43
10 51 44
10 56 142
10 92 97
10 93 133
10 194 179
11 66 228
11 71 65
11 86 128
11 103 74
11 116 139
11 136 196
11 155 118
11 186 157
12 14 91
12 15 113
12 41 185
12 50 51
12 63 78
12 66 50
12 81 23
12 98 92
12 151 184
12 160 28
13 31 79
13 57 129
13 69 73
13 75 105
13 95 115
13 118 73
13 128 34
13 133 65
13 138 65
13 166 34
13 171 60
13 191 80
14 6 28
14 21 197
14 23 80
14 51 49
14 75 159
14 79 170
14 80 153
14 85 87
14 86 115
14 106 17
14 113 36
14 118 102
15 32 82
15 62 41
15 63 111
15 64 100
15 89 49
15 90 104
15 122 38
15 129 53
15 140 90
15 177 31
15 190 78
15 196 64
16 9 25
16 11 60
16 35 52
16 47 36
16 61 45
16 69 152
16 72 130
16 81 158
16 83 88
16 99 10
16 107 41
16 124 88
16 130 106
16 174 54
16 187 80
17 6 55
17 26 140
17 41 148
17 78 159
17 79 169
17 91 166
17 103 106
17 112 71
17 123 64
17 143 108
17 160 40
17 187 70
17 188 182
18 1 36
18 3 42
18 17 76
18 32 154
18 66 48
18 81 48
18 85 54
18 130 77
18 135 139
18 139 109
18 194 130
19 26 31
19 52 144
19 65 33
19 78 161
19 89 105
19 92 124
20 26 155
20 72 131
20 101 78
20 107 166
20 111 59
20 120 166
20 123 79
20 132 16
20 133 20
20 134 68
20 137 37
20 142 138
20 143 116
20 148 76
21 19 147
21 30 152
21 64 155
21 70 53
21 71 108
21 79 140
21 95 116
21 133 168
21 147 107
21 152 228
21 183 38
21 184 49
21 193 183
21 196 39
22 28 120
22 56 145
22 92 96
22 119 75
22 127 83
22 142 72
22 174 33
22 188 93
22 189 80
23 19 52
23 29 66
23 47 82
23 58 45
23 81 138
23 97 47
23 122 64
23 197 191
24 19 42
24 44 230
24 46 170
24 147 111
24 185 123
24 187 82
24 190 76
24 198 154
24 200 86
25 33 191
25 34 162
25 53 183
25 81 77
25 83 105
25 92 60
25 123 151
25 129 186
25 142 102
25 156 81
25 163 148
25 170 172
25 178 218
26 22 71
26 27 112
26 61 101
26 81 176
26 123 76
26 148 91
26 151 69
26 164 101
27 8 46
27 56 181
27 108 133
27 122 98
27 158 55
27 183 174
27 184 180
27 196 173
28 9 152
28 10 77
28 11 176
28 27 116
28 30 69
28 45 41
28 53 145
28 68 124
28 104 153
28 127 97
28 151 167
28 164 68
28 185 52
28 189 51
28 192 159
29 37 138
29 43 132
29 55 186
29 74 150
29 78 172
29 88 202
29 90 124
29 94 166
29 121 104
29 162 94
30 55 27
30 75 219
30 97 220
30 109 143
30 124 142
30 131 194
30 150 147
30 172 93
30 188 254
31 15 122
31 24 136
31 51 85
31 67 156
31 105 229
31 112 137
31 124 69
31 133 93
31 154 241
31 161 135
31 166 66
31 187 66
31 191 81
32 21 68
32 54 213
32 61 34
32 66 191
32 76 108
32 83 123
32 108 172
32 109 84
32 140 154
32 149 150
32 162 33
32 192 121
32 200 150
33 41 54
33 103 56
33 127 110
33 133 169
33 138 47
34 41 150
34 57 195
34 65 127
34 75 138
34 88 199
34 94 72
34 107 74
34 126 128
34 145 88
34 198 222
35 13 112
35 59 51
35 143 68
35 154 74
35 159 130
35 172 82
35 200 140
36 4 130
36 10 86
36 174 93
36 182 75
37 20 71
37 31 129
37 89 46
37 126 98
37 166 62
37 168 68
37 174 71
38 25 135
38 42 161
38 82 149
38 94 49
38 126 103
38 128 103
38 141 121
38 200 167
39 14 122
39 31 159
39 37 30
39 50 79
39 55 36
39 82 128
39 93 49
39 99 138
39 105 105
39 127 49
39 133 78
39 155 125
39 176 48
39 182 144
40 1 57
40 31 171
40 53 183
40 112 34
40 113 95
40 115 146
40 138 157
40 165 124
41 11 22
41 31 142
41 45 140
41 46 158
41 65 48
41 90 141
41 113 167
41 123 84
41 129 24
41 136 179
41 141 11
41 178 15
41 186 155
41 192 39
42 2 50
42 3 133
42 48 144
42 58 92
42 61 113
42 109 85
42 121 91
42 122 49
42 124 86
42 125 137
42 142 151
42 150 134
42 155 130
42 180 44
42 187 62
42 195 52
43 14 167
43 47 123
43 72 58
43 92 85
43 112 121
43 140 102
43 144 148
44 3 91
44 5 210
44 55 26
44 92 68
44 110 225
44 118 68
44 125 84
44 128 148
44 135 181
44 140 54
44 144 154
44 182 174
44 183 143
44 194 161
45 8 44
45 10 37
45 23 95
45 40 95
45 55 85
45 65 98
45 84 99
45 111 58
45 123 58
45 140 61
45 158 64
45 160 31
45 166 14
45 193 33
46 3 30
46 62 121
46 65 110
46 71 110
46 107 121
46 113 85
46 137 52
46 139 115
46 163 106
46 164 61
46 177 79
46 187 112
47 31 137
47 53 26
47 73 123
47 86 106
47 91 65
47 121 118
47 134 97
47 160 155
47 196 118
48 4 21
48 8 30
48 16 147
48 39 101
48 69 40
48 73 73
48 90 39
48 117 77
48 149 74
48 156 47
48 159 109
49 13 89
49 32 121
49 37 147
49 103 72
49 116 124
49 156 141
49 189 111
49 191 160
49 194 157
50 20 21
50 35 149
50 39 79
50 71 111
50 111 50
50 132 14
50 169 43
50 181 81
50 200 84
51 17 25
51 35 135
51 70 101
51 96 66
51 125 38
51 150 57
51 151 144
51 161 52
51 167 90
51 184 136
51 195 85
52 3 82
52 42 168
52 93 77
52 118 72
52 136 109
52 149 59
52 187 106
52 192 167
53 6 148
53 33 35
53 50 132
53 56 176
53 121 124
53 132 133
53 133 145
53 140 141
53 150 151
53 151 31
53 167 141
54 18 137
54 32 213
54 34 248
54 58 42
54 109 130
54 127 184
54 132 64
54 147 121
54 162 187
54 189 89
54 198 34
55 4 76
55 48 95
55 86 86
55 100 133
55 112 25
55 122 150
56 21 131
56 23 192
56 27 181
56 31 183
56 34 153
56 62 166
56 65 154
56 70 110
56 82 162
56 110 206
56 134 152
56 135 161
56 148 120
56 150 146
56 155 160
57 51 93
57 61 174
57 75 222
57 104 180
57 105 172
57 137 85
57 152 170
58 49 93
58 79 143
58 115 203
58 118 117
58 144 18
58 152 35
58 153 47
59 10 160
59 12 191
59 33 12
59 44 213
59 47 49
59 77 96
59 79 35
59 95 178
59 123 112
59 133 177
59 143 106
59 147 104
59 151 7
59 154 122
59 176 124
59 195 120
60 13 66
60 17 55
60 37 115
60 42 104
60 80 163
60 99 143
60 109 106
60 112 126
60 113 68
60 122 99
60 150 36
60 158 55
60 159 157
60 181 33
61 4 153
61 13 97
61 19 88
61 22 36
61 23 135
61 31 173
61 90 156
61 105 72
61 111 145
61 116 113
61 137 120
61 152 181
61 163 15
61 192 111
62 8 119
62 24 49
62 48 124
62 63 125
62 82 48
62 99 38
62 121 97
62 128 33
62 142 104
62 144 82
62 160 122
62 170 102
62 173 81
63 21 197
63 25 131
63 45 36
63 56 132
63 64 64
63 78 179
63 113 21
63 114 107
63 121 63
63 147 93
63 157 97
63 170 52
63 194 192
63 195 89
64 6 104
64 11 180
64 21 155
64 25 67
64 28 5
64 30 68
64 82 111
64 109 100
64 119 190
64 140 30
64 149 30
64 150 80
65 3 79
65 20 124
65 59 60
65 109 27
65 123 53
65 136 132
65 173 68
65 176 74
65 184 73
65 192 60
66 17 115
66 18 48
66 30 4
66 60 170
66 62 177
66 94 100
66 110 221
66 147 115
66 181 177
67 20 161
67 41 35
67 64 159
68 21 53
68 72 82
68 73 81
68 78 74
68 97 123
68 174 24
69 40 142
69 78 198
69 90 15
69 117 71
69 133 65
69 161 116
69 165 30
69 174 144
69 182 36
69 188 186
70 2 107
70 51 101
70 64 113
70 89 29
70 91 69
70 114 121
70 129 84
70 133 122
70 138 55
70 149 88
70 158 107
70 172 38
70 185 74
70 200 128
71 6 133
71 15 29
71 19 39
71 43 86
71 73 82
71 87 27
71 88 168
71 103 10
71 115 123
71 118 103
71 129 24
72 3 58
72 11 186
72 60 174
72 75 164
72 92 53
72 132 125
73 82 84
73 103 72
73 115 117
73 122 85
73 167 123
73 169 89
73 181 100
73 183 83
73 190 127
74 20 183
74 57 172
74 82 160
74 86 80
75 28 171
75 41 16
75 84 173
75 103 59
75 141 12
75 145 53
75 149 164
75 151 33
75 152 163
75 168 187
75 174 88
75 188 37
76 5 146
76 28 75
76 40 81
76 54 166
76 56 66
76 75 140
76 81 96
76 86 32
76 90 136
76 114 139
76 129 118
76 147 56
76 156 69
76 161 31
76 175 82
76 182 146
76 190 122
77 45 71
77 61 89
77 67 74
77 123 16
77 150 91
77 157 49
77 192 57
78 35 90
78 47 164
78 50 144
78 51 134
78 96 126
78 102 128
78 110 156
78 122 142
78 124 146
78 130 145
78 134 168
78 194 60
79 8 176
79 36 72
79 52 200
79 62 58
79 64 189
79 82 101
79 98 133
79 117 108
79 124 121
79 136 188
79 181 125
79 194 123
80 7 136
80 8 159
80 20 144
80 24 130
80 28 115
80 29 117
80 39 77
80 81 135
80 105 53
80 192 134
80 200 136
81 6 97
81 40 61
81 72 108
81 101 114
81 108 30
81 160 20
82 6 75
82 59 111
82 71 62
82 83 62
82 91 116
82 102 119
82 118 108
82 143 106
82 180 70
82 184 126
83 26 111
83 77 51
83 119 130
83 123 47
83 129 91
83 163 98
83 188 148
84 2 177
84 33 151
84 90 145
84 99 147
84 117 133
84 127 47
84 131 163
84 156 72
84 164 85
84 183 89
85 19 86
85 21 109
85 60 102
85 72 75
85 73 14
85 93 94
85 108 65
85 120 95
85 137 41
85 139 91
85 164 16
85 180 100
85 194 105
86 20 105
86 28 78
86 41 111
86 65 64
86 112 82
86 119 128
86 158 87
86 162 57
86 180 97
87 5 68
87 6 158
87 13 90
87 14 148
87 22 30
87 31 152
87 35 51
87 43 90
87 48 154
87 108 157
87 170 138
87 190 31
87 195 95
88 55 39
88 72 102
88 78 138
88 101 155
88 114 179
88 128 140
88 132 86
88 192 206
89 2 124
89 12 91
89 19 105
89 61 59
89 67 96
89 70 29
89 85 38
89 98 93
89 112 81
89 141 112
89 148 62
89 154 92
89 170 138
89 174 32
89 175 75
89 176 38
89 196 35
90 1 81
90 23 71
90 113 46
90 178 139
90 193 14
90 194 191
90 195 65
91 9 15
91 31 184
91 54 200
91 66 195
91 113 183
91 148 104
91 191 193
91 197 85
92 41 150
92 46 9
92 47 145
92 91 136
92 100 97
92 120 90
92 152 144
92 182 123
92 185 44
92 196 77
93 8 133
93 37 63
93 43 127
93 47 202
93 76 79
93 102 49
93 137 83
93 184 163
94 34 72
94 54 206
94 87 127
94 93 100
94 150 180
94 163 73
94 174 72
94 180 149
94 198 175
95 52 93
95 65 139
95 80 96
95 86 77
95 111 55
95 121 171
95 126 141
95 157 92
95 183 106
96 6 128
96 55 30
96 74 160
96 128 122
96 132 72
96 177 107
96 178 200
96 183 141
97 25 212
97 58 88
97 66 216
97 122 49
97 129 54
97 137 131
97 167 102
97 181 68
97 200 58
98 3 72
98 12 92
98 17 37
98 49 96
98 144 18
98 198 46
99 17 143
99 33 23
99 34 115
99 45 132
99 54 170
99 70 74
99 73 109
99 81 168
99 92 128
99 116 120
99 135 42
99 140 145
99 142 97
99 183 75
100 4 153
100 26 117
100 56 133
100 74 44
100 95 117
100 120 54
100 128 74
101 3 131
101 25 185
101 34 238
101 40 172
101 69 35
101 89 153
101 103 124
101 117 65
101 127 180
101 130 69
101 136 186
101 142 179
101 155 197
101 174 149
101 185 100
102 18 32
102 20 51
102 53 158
102 56 62
102 71 136
102 110 194
102 127 104
102 132 55
102 135 163
102 181 123
102 187 114
103 6 128
103 9 46
103 38 93
103 79 71
103 83 59
103 86 54
103 101 124
103 102 126
103 139 116
103 143 65
103 144 86
103 180 43
104 12 163
104 83 120
104 124 144
104 148 120
104 152 220
104 192 156
104 194 2
104 198 197
105 57 172
105 69 219
105 70 62
105 80 53
105 119 165
105 137 153
105 156 146
105 159 110
105 164 122
105 178 170
105 184 61
105 187 170
105 189 148
106 4 66
106 19 101
106 54 25
106 61 160
106 67 150
106 104 197
106 124 54
106 146 116
106 147 96
106 176 97
106 197 202
106 200 52
107 4 165
107 9 19
107 27 168
107 30 177
107 62 69
107 75 66
107 81 167
107 119 85
107 126 59
107 160 147
107 191 179
108 4 47
108 22 128
108 37 36
108 41 178
108 82 123
108 83 67
108 84 58
108 106 109
108 107 152
108 126 132
108 131 145
108 139 99
108 157 83
108 164 79
108 166 71
108 184 150
109 17 91
109 27 109
109 32 84
109 40 133
109 47 70
109 101 118
109 121 103
109 163 66
109 192 83
109 194 93
109 199 104
110 37 155
110 43 113
110 63 187
110 77 96
110 95 190
110 139 176
110 168 201
110 198 183
111 5 167
111 39 53
111 41 183
111 53 161
111 56 55
111 84 65
111 127 101
111 128 111
111 148 92
111 160 27
112 2 186
112 26 180
112 30 48
112 40 34
112 45 61
112 61 139
112 71 135
112 81 33
112 90 105
112 102 16
112 117 114
112 137 48
112 184 151
112 194 150
112 196 113
112 200 134
113 12 57
113 23 112
113 87 159
113 99 161
113 116 44
113 161 83
113 179 196
114 32 131
114 36 14
114 39 150
114 68 118
114 75 76
114 79 85
114 97 29
114 104 158
114 112 151
114 136 172
114 162 116
115 8 208
115 26 177
115 73 117
115 112 145
115 116 149
115 130 163
115 140 127
115 156 144
115 166 170
115 169 206
115 178 175
115 196 48
116 21 144
116 40 90
116 69 70
116 71 91
116 98 36
116 102 50
116 103 82
116 124 39
116 154 163
116 171 53
117 11 88
117 35 120
117 106 58
117 166 48
117 172 102
117 185 53
117 197 156
118 14 102
118 27 135
118 44 68
118 68 90
118 99 128
118 123 94
118 135 120
118 140 19
118 151 141
118 178 159
118 186 91
118 190 143
118 199 179
119 1 188
119 18 185
119 52 199
119 90 159
119 93 225
119 114 77
119 131 82
119 134 120
119 162 97
119 167 154
119 181 117
120 5 171
120 13 131
120 24 171
120 47 149
120 70 49
120 99 118
120 108 123
120 117 150
120 141 142
120 148 118
120 172 57
120 186 174
120 188 181
121 11 116
121 16 128
121 75 136
121 87 133
121 128 92
121 142 167
121 149 131
121 165 46
121 169 52
121 185 91
122 5 41
122 27 98
122 41 45
122 69 117
122 71 22
122 98 69
122 102 134
122 112 136
122 119 64
122 123 43
122 176 78
122 191 132
122 197 129
123 15 52
123 55 131
123 103 55
123 117 4
123 143 94
123 160 85
123 191 92
124 56 133
124 69 65
124 77 30
124 102 89
124 110 125
124 152 77
124 158 24
124 159 115
124 165 36
124 174 82
125 12 53
125 36 111
125 105 122
125 129 114
125 154 135
126 5 53
126 65 2
126 77 37
126 85 67
126 91 63
126 92 103
126 100 70
126 153 53
126 168 138
126 190 62
126 195 68
126 199 76
127 16 103
127 22 83
127 56 80
127 117 124
127 150 159
127 156 89
128 29 64
128 54 120
128 57 147
128 60 95
128 76 81
128 142 82
128 173 53
128 192 74
129 8 142
129 50 131
129 69 145
129 88 191
129 89 97
129 130 104
129 132 131
129 152 144
129 159 155
129 181 96
129 197 123
130 46 79
130 107 127
130 113 47
130 115 163
130 120 143
130 129 104
130 156 41
130 157 54
130 167 73
130 173 76
131 25 187
131 35 126
131 42 37
131 46 138
131 54 96
131 60 68
131 96 159
131 97 33
131 118 129
131 129 65
131 151 102
131 188 94
132 23 95
132 53 133
132 54 64
132 77 78
132 78 156
132 81 44
132 88 86
132 110 171
132 115 178
132 186 18
133 38 158
133 54 85
133 77 94
133 83 55
133 90 60
133 95 89
133 106 68
133 117 83
133 127 116
133 130 45
133 142 122
133 155 170
133 161 65
133 172 92
133 197 167
134 6 52
134 16 99
134 73 79
134 78 168
134 86 95
134 90 39
134 130 33
134 135 134
134 136 146
134 148 45
135 20 170
135 24 97
135 59 40
135 64 157
135 66 178
135 85 96
135 179 39
136 68 98
136 81 96
136 119 195
136 138 125
136 179 126
137 6 84
137 13 46
137 24 148
137 56 89
137 72 97
137 92 45
137 111 46
137 112 48
137 131 101
137 141 136
137 143 79
137 158 73
137 162 121
137 175 149
138 21 100
138 28 121
138 77 50
138 86 57
138 88 165
138 94 110
138 96 146
138 107 44
138 112 132
138 191 143
139 11 145
139 14 7
139 28 82
139 40 136
139 65 116
139 100 165
139 103 116
139 198 11
140 31 139
140 39 27
140 52 59
140 65 118
140 76 52
140 80 96
140 83 57
140 100 115
140 123 103
140 135 138
140 159 33
140 186 86
141 21 132
141 26 32
141 52 176
141 63 159
141 90 141
141 101 141
141 116 126
141 148 87
141 163 87
141 167 142
141 183 99
141 189 113
141 191 174
141 195 85
141 196 111
142 5 143
142 54 185
142 66 111
142 68 40
142 100 41
142 136 60
142 150 161
143 5 127
143 18 67
143 22 61
143 34 91
143 103 65
143 132 105
143 138 66
143 141 110
143 149 64
143 174 29
144 32 160
144 62 82
144 72 147
144 85 74
144 103 86
144 140 103
144 153 43
144 161 94
144 178 113
144 185 59
145 26 82
145 36 87
145 111 158
145 122 60
145 129 44
145 166 129
145 169 163
145 178 78
145 180 52
145 191 172
145 200 118
146 3 68
146 8 101
146 12 8
146 14 99
146 41 189
146 56 48
146 66 42
146 97 184
146 99 171
146 106 116
146 175 161
147 7 74
147 20 85
147 46 59
147 57 120
147 62 62
147 72 83
147 98 55
147 120 96
147 151 97
147 167 117
147 186 87
148 6 92
148 7 60
148 29 82
148 30 133
148 49 89
148 50 58
148 64 79
148 98 35
148 103 44
148 105 136
148 112 90
148 114 65
148 120 118
148 129 73
148 162 86
148 167 95
148 180 80
149 17 71
149 50 54
149 64 30
149 77 104
149 78 97
149 112 22
149 129 139
149 140 4
149 146 32
149 147 62
149 186 84
150 32 198
150 69 11
150 102 85
150 133 55
150 138 136
150 153 86
150 178 156
150 185 81
150 193 26
151 20 176
151 23 124
151 24 65
151 36 85
151 37 139
151 43 92
151 45 151
151 68 62
151 83 115
151 117 109
151 124 117
151 127 115
151 147 97
151 185 117
151 192 84
152 1 117
152 43 199
152 46 152
152 86 149
152 105 237
152 110 183
152 118 144
152 131 83
152 148 101
152 150 44
153 20 96
153 24 71
153 32 130
153 48 93
153 99 83
153 101 69
153 109 59
153 127 134
153 140 123
153 149 119
153 150 86
153 191 109
153 197 161
154 49 192
154 77 163
154 79 157
154 80 65
154 108 163
154 109 124
154 115 17
154 120 40
154 164 134
155 11 118
155 24 115
155 46 128
155 83 117
155 115 70
155 125 122
155 129 79
155 159 137
155 161 113
155 167 199
155 181 162
155 198 190
156 40 72
156 57 76
156 91 147
156 115 144
156 140 34
157 28 74
157 30 122
157 40 111
157 64 79
157 73 32
157 113 92
157 147 4
157 180 83
157 186 91
157 200 82
158 13 30
158 25 159
158 27 55
158 40 152
158 42 63
158 70 107
158 72 143
158 73 79
158 74 158
158 80 116
158 86 87
158 92 102
158 100 118
158 101 64
158 136 146
158 137 73
158 145 101
158 189 50
159 16 144
159 20 105
159 25 33
159 36 161
159 49 187
159 55 28
159 57 61
159 67 156
159 161 44
159 181 157
159 193 126
160 62 122
160 138 118
160 151 164
160 154 172
160 163 139
160 168 30
160 179 169
161 34 127
161 42 143
161 59 135
161 60 121
161 65 89
161 66 77
161 83 38
161 171 99
161 172 28
161 183 78
161 197 102
162 18 121
162 60 163
162 121 159
162 184 15
163 18 121
163 22 51
163 43 33
163 61 15
163 76 74
163 123 115
163 143 55
163 147 78
163 174 38
163 176 90
164 20 80
164 32 107
164 43 84
164 50 60
164 158 55
164 163 84
164 170 93
164 171 83
164 184 92
165 25 136
165 40 124
165 64 71
165 68 137
165 80 137
165 102 78
165 118 91
165 122 92
165 161 88
165 191 47
165 196 142
166 4 41
166 10 25
166 25 119
166 26 123
166 30 123
166 49 117
166 52 53
166 93 110
166 94 140
166 110 154
166 141 127
166 144 32
166 179 168
166 183 130
167 12 138
167 15 123
167 26 121
167 65 122
167 84 180
167 105 231
167 157 119
167 178 133
167 180 135
167 183 185
167 192 106
167 195 58
168 30 93
168 44 92
168 71 142
168 85 82
168 107 174
168 119 198
168 133 19
168 165 58
168 173 106
168 180 168
168 182 92
168 192 165
169 15 111
169 35 177
169 64 74
169 79 177
169 150 6
169 186 14
170 22 123
170 26 114
170 34 224
170 35 171
170 67 142
170 72 174
170 81 103
170 92 125
170 165 36
170 188 158
170 195 49
170 197 204
171 13 60
171 16 141
171 55 119
171 76 130
171 79 170
171 100 161
171 106 20
171 147 89
171 148 73
171 150 12
171 200 65
172 10 117
172 58 131
172 59 120
172 107 84
172 109 61
172 128 70
172 139 130
172 154 94
172 160 78
172 177 71
172 182 138
172 185 55
172 189 71
173 14 115
173 35 74
173 56 88
173 60 129
173 99 89
173 164 36
173 166 82
173 168 106
173 169 118
173 182 124
174 3 50
174 9 53
174 50 104
174 74 69
174 93 126
174 126 51
174 151 71
174 186 127
174 194 62
175 3 104
175 16 96
175 40 160
175 43 32
175 47 131
175 92 117
175 104 7
175 105 24
175 125 120
175 127 62
175 136 105
175 137 149
175 148 125
175 159 119
175 173 83
175 198 201
176 4 70
176 16 93
176 20 74
176 34 133
176 54 121
176 62 83
176 68 76
176 85 8
176 100 84
176 119 139
176 130 50
176 199 151
177 11 98
177 22 53
177 27 83
177 47 83
177 50 61
177 91 102
177 97 83
177 153 43
177 168 93
177 170 77
177 172 71
177 173 55
178 34 166
178 36 45
178 125 144
178 135 93
178 149 169
178 184 110
179 13 140
179 44 182
179 55 164
179 64 172
179 83 129
179 93 176
179 173 93
179 186 197
179 196 55
180 11 34
180 14 139
180 23 83
180 28 153
180 55 178
180 95 173
180 104 116
180 106 134
180 118 136
180 123 75
180 159 164
180 170 124
181 1 111
181 10 43
181 23 25
181 74 186
181 77 47
181 80 144
181 89 126
181 111 130
181 116 77
181 151 133
181 173 116
182 4 84
182 12 123
182 13 60
182 54 37
182 110 157
182 126 102
182 141 126
182 143 138
182 144 24
182 150 44
182 162 155
182 171 40
182 185 83
182 186 54
182 196 163
183 7 145
183 67 77
183 77 104
183 79 112
183 87 74
183 167 185
183 180 98
183 194 29
184 3 95
184 8 180
184 19 104
184 40 165
184 49 126
184 64 153
184 75 84
184 81 168
184 98 136
184 107 18
184 139 177
184 166 144
184 168 177
184 177 101
184 192 126
185 30 109
185 52 71
185 78 113
185 112 66
185 139 76
185 142 81
185 164 18
185 174 61
185 189 16
185 190 123
185 196 86
186 8 18
186 46 97
186 47 150
186 48 12
186 65 119
186 103 117
186 171 14
186 178 156
186 184 173
187 15 59
187 22 72
187 23 36
187 31 66
187 35 121
187 38 147
187 49 63
187 52 106
187 58 41
187 60 56
187 70 108
187 103 59
187 113 89
187 128 44
187 129 72
187 131 27
187 145 101
187 178 81
187 191 98
188 5 68
188 20 198
188 27 156
188 40 244
188 62 75
188 70 138
188 81 216
188 98 146
188 113 201
188 138 89
188 194 150
189 11 126
189 15 56
189 36 83
189 46 64
189 64 55
189 152 92
189 162 107
190 18 162
190 42 96
190 53 42
190 81 189
190 97 100
190 133 176
190 151 11
191 29 162
191 32 200
191 74 194
191 90 51
191 111 60
191 112 68
191 117 92
191 200 100
192 24 27
192 39 169
192 40 207
192 48 142
192 56 206
192 92 152
192 141 47
192 144 91
192 164 99
192 170 99
192 178 28
192 187 60
193 8 21
193 22 112
193 38 171
193 66 139
193 67 138
193 85 75
193 90 14
193 96 100
193 112 94
193 123 49
193 150 26
193 157 80
193 166 22
193 196 144
194 2 122
194 14 191
194 31 212
194 35 39
194 37 117
194 40 158
194 41 127
194 82 150
194 96 165
194 125 116
194 163 30
194 169 195
194 179 22
194 192 156
195 9 115
195 12 141
195 22 88
195 26 65
195 27 47
195 170 49
196 3 63
196 18 94
196 22 65
196 32 68
196 56 107
196 57 143
196 83 85
196 115 48
196 125 79
196 148 89
196 167 184
196 181 151
197 53 115
197 67 108
197 77 142
197 92 110
197 111 154
197 113 185
197 131 171
197 154 22
197 198 199
198 4 47
198 51 52
198 52 56
198 61 163
198 136 150
198 141 154
198 152 47
198 157 99
198 161 104
199 18 197
199 35 102
199 46 186
199 47 37
199 71 76
199 87 58
199 123 115
199 167 165
199 177 119
199 178 32
199 194 141
200 11 86
200 41 90
200 78 182
200 82 19
200 92 120
200 97 58
200 106 52
200 109 76
200 113 93
200 134 22
200 140 127
200 177 55
200 178 86
200 188 119
200 196 143
200 197 179
