200 2040 1 
1 105 89
1 128 139
1 149 48
2 31 170
2 73 14
2 104 52
2 108 85
2 121 72
2 129 95
2 146 127
3 13 55
3 18 112
3 54 135
3 175 56
3 177 116
3 199 69
3 200 146
4 40 194
4 42 84
4 54 163
4 59 118
4 76 167
4 80 157
4 82 80
4 107 19
4 111 191
4 126 124
4 177 160
4 197 172
5 2 125
5 22 83
5 40 64
5 55 85
5 78 133
5 90 64
5 101 183
5 116 175
5 145 77
5 155 120
5 158 74
5 171 120
6 36 108
6 59 127
6 163 16
6 175 29
7 29 91
7 84 66
7 92 66
7 110 116
7 187 75
8 21 174
8 25 138
8 27 33
8 32 94
8 40 116
8 50 74
8 56 158
8 61 136
8 101 209
8 196 161
9 11 132
9 49 135
9 79 74
9 102 125
9 104 81
9 116 60
9 121 84
9 188 44
10 4 108
10 29 66
10 50 132
10 52 102
10 73 49
10 119 49
10 155 56
10 163 99
10 164 166
10 173 77
10 180 76
11 25 119
11 28 129
11 45 123
11 79 120
11 179 54
11 185 15
11 187 183
11 198 55
12 11 183
12 15 223
12 113 61
12 151 180
12 197 186
13 9 77
13 28 91
13 33 39
13 51 65
13 73 63
13 103 48
13 121 116
13 144 117
13 167 73
13 171 58
14 6 86
14 13 70
14 17 178
14 42 22
14 65 122
14 71 121
14 72 144
14 120 154
14 124 181
14 158 114
14 170 118
14 198 104
15 74 103
15 81 30
15 90 86
15 150 200
15 153 182
15 165 151
15 192 135
15 195 29
16 4 95
16 39 133
16 65 91
16 73 38
16 118 98
16 120 158
16 127 83
16 130 145
16 178 144
17 22 91
17 75 80
17 87 129
17 89 124
17 131 153
17 170 60
17 174 113
18 15 65
18 43 47
18 83 87
18 85 69
18 123 61
18 132 119
18 137 91
18 148 139
18 149 72
18 156 140
19 6 115
19 12 31
19 25 120
19 26 38
19 28 137
19 63 79
19 86 21
19 101 146
19 112 136
19 139 123
19 142 78
19 151 169
19 172 72
19 178 131
19 179 141
19 193 124
20 25 90
20 31 62
20 45 124
20 52 58
20 53 138
20 58 85
20 88 21
20 89 104
20 123 98
20 127 79
21 3 148
21 7 70
21 22 63
21 23 223
21 26 176
21 51 197
21 70 100
21 72 124
21 89 43
21 125 37
21 132 102
21 158 58
21 163 128
21 167 103
21 173 122
21 194 73
22 17 91
22 38 39
22 54 51
22 77 101
22 88 35
22 105 25
22 106 43
22 127 78
22 142 134
22 148 121
22 178 149
22 190 34
23 20 140
23 38 129
23 40 176
23 49 77
23 52 112
23 66 97
23 75 109
23 80 211
23 82 189
23 97 122
23 103 141
23 123 218
23 150 170
23 152 191
23 155 182
23 175 116
23 176 126
23 192 58
24 46 182
24 89 143
24 122 127
24 143 143
24 152 141
24 158 87
24 167 136
24 173 94
24 194 90
25 7 7
25 33 114
25 48 109
25 50 123
25 65 60
25 81 87
25 117 110
25 144 135
25 148 95
25 162 115
25 183 152
26 6 134
26 51 149
26 55 162
26 116 109
26 123 165
26 161 119
26 170 171
26 197 169
26 200 161
27 5 77
27 55 135
27 140 77
27 146 23
27 148 143
27 181 174
27 184 90
28 14 81
28 39 158
28 48 117
28 88 70
28 118 129
28 156 171
28 192 141
29 2 32
29 23 141
29 32 51
29 51 100
29 78 62
29 100 6
29 122 167
29 132 107
29 133 149
29 145 118
29 171 73
29 183 130
30 123 115
30 131 143
30 143 114
30 156 89
30 188 114
31 14 183
31 64 40
31 112 111
31 124 5
31 161 125
31 194 30
31 200 131
32 39 61
32 48 95
32 54 133
32 65 163
32 71 58
32 76 150
32 77 52
32 86 90
32 113 114
32 133 132
32 191 95
33 18 113
33 48 70
33 65 167
33 80 151
33 85 121
33 98 88
33 108 21
33 120 61
33 187 163
33 198 10
34 4 49
34 9 54
34 26 77
34 42 38
34 46 71
34 63 17
34 79 104
34 103 23
34 126 82
35 124 156
35 129 41
35 170 96
35 173 40
35 183 61
35 200 165
36 75 156
36 104 82
36 112 69
36 114 65
36 131 67
36 133 135
36 143 67
36 174 150
37 6 82
37 34 78
37 35 94
37 43 6
37 91 116
37 94 123
37 107 108
37 127 85
37 137 58
37 157 43
38 3 64
38 21 101
38 35 54
38 36 76
38 70 80
38 115 107
38 126 85
38 144 128
38 151 65
38 159 111
38 160 48
38 173 25
39 82 164
39 127 55
39 128 148
39 129 51
39 135 79
39 136 47
39 141 75
39 162 82
39 164 155
39 179 94
40 13 121
40 45 157
40 52 97
40 68 92
40 116 163
40 117 214
40 134 154
40 147 174
41 11 174
41 31 130
41 66 140
41 76 22
41 124 125
41 130 214
41 188 135
41 191 170
42 1 97
42 25 42
42 65 101
42 112 59
42 122 120
42 124 159
42 142 98
42 163 61
42 175 50
42 193 46
43 31 122
43 34 75
43 52 61
43 53 166
43 93 68
43 98 120
43 117 115
43 118 111
43 122 74
43 146 142
43 148 99
43 197 53
44 45 142
44 46 150
44 74 39
44 75 96
44 94 82
44 128 156
44 135 99
44 144 163
44 159 143
44 183 14
44 194 170
44 198 42
45 22 81
45 41 119
45 50 93
45 55 104
45 67 48
45 118 85
45 153 66
45 161 67
45 184 142
45 193 61
45 199 53
46 4 47
46 14 70
46 20 187
46 25 133
46 37 141
46 61 178
46 139 138
46 147 143
46 159 11
46 177 168
46 184 198
46 194 217
47 27 150
47 53 178
47 73 46
47 76 74
47 80 61
47 117 69
47 122 121
47 133 129
47 149 98
47 160 105
47 194 144
47 198 131
48 11 20
48 94 110
48 102 81
48 142 111
48 147 91
48 157 136
48 181 130
49 15 68
49 33 62
49 70 157
49 93 54
49 99 138
49 103 110
49 122 140
49 138 120
49 151 110
49 156 52
49 163 61
49 170 79
49 173 84
50 1 190
50 4 53
50 11 70
50 19 99
50 39 34
50 40 161
50 57 144
50 68 87
50 87 46
50 144 112
50 151 144
50 159 92
50 166 83
50 200 192
51 24 94
51 35 44
51 44 33
51 87 52
51 143 173
51 147 28
51 154 26
51 186 4
51 188 101
51 192 17
51 197 171
51 198 19
51 200 209
52 45 73
52 60 121
52 153 102
53 9 166
53 30 111
53 33 57
53 36 179
53 69 133
53 131 224
53 134 27
53 138 102
53 177 201
53 182 76
53 186 33
53 194 182
53 198 47
53 200 234
54 73 134
54 102 134
54 103 113
54 127 90
54 175 81
54 183 129
54 191 191
54 193 80
54 198 123
55 2 103
55 52 69
55 53 174
55 71 140
55 98 160
55 106 45
55 140 131
55 171 150
55 185 123
56 12 174
56 23 204
56 29 139
56 32 148
56 35 133
56 51 177
56 66 108
56 105 58
56 120 188
56 145 165
56 179 85
57 22 67
57 24 66
57 30 52
57 31 37
57 37 89
57 80 117
57 117 200
57 128 10
57 180 185
57 181 85
57 193 97
58 11 48
58 20 85
58 25 93
58 49 53
58 80 130
58 83 153
58 144 123
58 191 126
58 193 93
59 9 36
59 10 12
59 12 81
59 90 116
59 92 76
59 96 89
59 158 122
59 163 111
59 186 165
60 13 115
60 24 183
60 53 197
60 80 86
60 99 120
60 106 95
60 112 96
60 139 48
60 159 85
60 163 116
60 197 134
60 199 87
61 21 38
61 22 27
61 24 107
61 81 62
61 91 142
61 97 141
61 129 111
61 132 104
61 133 53
61 137 72
61 142 161
61 150 156
61 165 66
61 192 147
62 6 28
62 21 162
62 28 127
62 32 58
62 48 44
62 104 110
62 142 69
62 186 39
62 187 172
63 6 44
63 21 129
63 23 120
63 107 45
63 111 133
63 135 31
63 136 60
63 148 67
63 163 29
64 52 98
64 71 160
64 82 226
64 109 125
64 117 199
64 148 183
64 167 127
64 177 78
64 179 78
64 189 79
65 29 150
65 41 22
65 80 35
65 84 103
65 93 118
65 147 213
65 158 61
65 163 124
65 175 111
65 180 167
65 187 91
65 192 180
66 10 114
66 17 116
66 19 123
66 28 92
66 33 47
66 35 33
66 56 108
66 189 112
66 195 104
66 200 142
67 9 23
67 18 94
67 103 55
67 108 135
67 125 103
67 139 34
67 185 161
68 64 113
68 71 62
68 79 120
68 102 81
68 132 191
68 134 62
68 175 79
68 178 90
69 38 55
69 103 98
69 112 70
69 133 20
69 163 65
69 171 124
69 178 131
69 182 65
70 23 197
70 60 35
70 76 65
70 100 83
70 106 60
70 109 13
70 149 89
70 167 27
71 6 48
71 38 89
71 43 131
71 58 41
71 60 168
71 61 147
71 62 24
71 72 94
71 73 111
71 79 146
71 91 39
71 96 139
71 146 34
71 174 49
72 8 61
72 25 111
72 34 122
72 42 127
72 44 109
72 54 42
72 86 192
72 88 45
72 108 79
72 154 110
72 166 34
72 171 127
72 198 100
73 14 11
73 32 58
73 40 165
73 113 56
73 145 120
73 149 134
74 19 133
74 20 92
74 23 53
74 39 26
74 53 49
74 58 32
74 75 68
74 94 69
74 123 165
74 134 40
74 143 153
74 145 14
74 200 187
75 27 73
75 28 121
75 44 96
75 101 186
75 121 195
76 8 173
76 23 215
76 28 28
76 29 132
76 79 37
76 87 141
76 117 142
76 130 193
76 134 202
76 156 198
76 168 141
76 171 173
76 191 152
76 200 25
77 34 74
77 58 23
77 75 70
77 90 44
77 124 152
77 154 33
77 172 123
77 188 93
77 192 32
77 196 119
77 199 95
78 5 133
78 36 22
78 55 85
78 70 27
78 94 102
78 117 76
78 136 106
78 148 61
78 156 160
78 197 92
79 61 12
79 64 56
79 103 85
79 120 169
79 139 92
79 153 152
80 3 111
80 20 112
80 24 150
80 31 134
80 53 205
80 75 144
80 82 157
80 87 137
80 99 38
80 110 152
80 137 20
80 146 181
80 148 117
80 154 155
80 156 195
80 172 74
80 190 77
81 9 116
81 51 125
81 87 73
81 97 139
81 110 144
81 112 75
81 123 96
81 131 132
81 158 40
81 171 131
81 200 123
82 21 204
82 38 138
82 59 92
82 90 146
82 97 72
82 130 181
82 161 146
82 172 84
82 190 198
83 78 170
83 93 131
83 96 249
83 109 175
83 112 122
83 119 177
83 168 63
83 190 73
84 1 75
84 2 60
84 8 180
84 13 106
84 53 193
84 74 155
84 131 64
84 135 95
84 156 191
84 198 147
85 46 211
85 62 95
85 66 82
85 88 52
85 109 159
85 120 117
85 148 190
85 175 100
86 5 190
86 36 73
86 43 121
86 49 173
86 53 169
86 62 145
86 74 148
86 81 180
86 95 98
86 105 117
86 155 119
86 158 168
86 160 163
86 162 183
86 166 159
86 171 108
86 189 150
86 198 130
87 5 61
87 25 102
87 33 32
87 34 71
87 39 46
87 48 39
87 57 99
87 112 103
87 167 104
87 190 101
88 19 162
88 21 83
88 43 62
88 60 144
88 78 95
88 111 49
88 166 40
88 192 116
89 44 193
89 98 148
89 102 165
89 143 3
89 150 135
89 152 30
89 159 153
89 162 138
89 172 77
90 6 16
90 23 104
90 28 84
90 45 73
90 51 76
90 61 84
90 75 65
90 82 146
90 100 91
90 139 133
90 148 107
90 160 55
90 166 33
90 186 73
91 33 15
91 41 184
91 43 116
91 46 93
91 48 85
91 56 156
91 79 138
91 81 117
91 105 100
91 148 99
92 15 157
92 64 109
92 67 58
92 114 27
92 152 47
92 162 169
92 192 186
93 29 85
93 38 25
93 41 133
93 47 94
93 56 101
93 66 9
93 71 65
93 116 132
93 139 133
93 170 62
93 173 32
93 184 73
94 5 131
94 21 187
94 52 84
94 54 150
94 75 130
94 83 207
94 84 124
94 103 72
94 114 174
94 141 35
94 151 153
94 168 154
94 180 59
95 1 54
95 64 144
95 80 54
95 117 88
95 123 91
95 162 173
95 168 183
95 172 44
95 190 123
96 39 140
96 55 171
96 67 104
96 69 173
96 74 141
96 128 206
96 142 86
96 147 152
96 150 18
96 170 174
96 177 158
96 198 121
97 26 68
97 76 144
97 92 153
97 99 150
97 133 148
97 193 104
97 200 169
98 9 87
98 12 50
98 19 19
98 44 132
98 47 90
98 48 148
98 132 129
98 138 30
98 142 60
98 144 32
98 145 124
98 157 159
98 159 11
98 192 85
98 195 209
99 15 106
99 24 129
99 49 138
99 67 79
99 98 167
99 103 101
99 105 59
99 113 124
99 121 170
99 154 157
99 159 173
100 28 114
100 81 148
100 98 21
100 113 68
100 152 99
100 154 78
100 176 105
100 186 103
101 25 71
101 40 167
101 42 89
101 69 148
101 74 192
101 89 52
101 100 133
101 122 108
101 140 155
101 144 156
101 149 69
101 163 141
101 176 128
101 178 222
101 193 74
101 196 138
102 16 118
102 17 174
102 18 130
102 41 197
102 45 105
102 60 155
102 67 148
102 98 93
102 114 194
102 158 138
102 159 104
102 187 179
103 15 135
103 20 109
103 40 143
103 50 82
103 71 103
103 118 73
104 43 115
104 69 150
104 71 111
104 113 80
104 128 185
104 188 40
105 39 124
105 44 141
105 51 122
105 57 90
105 59 79
105 71 114
105 97 92
105 116 83
105 122 82
105 142 116
105 165 78
106 20 96
106 26 135
106 43 30
106 97 132
106 105 47
106 140 131
106 151 45
106 176 76
106 190 61
107 7 102
107 25 104
107 42 65
107 49 115
107 59 101
107 64 175
107 68 127
107 77 78
107 86 63
107 104 26
107 118 50
107 120 119
107 126 106
107 168 159
107 172 75
107 180 34
107 192 57
107 195 183
108 3 84
108 9 114
108 34 71
108 35 23
108 37 107
108 94 62
108 106 137
108 124 151
108 129 25
108 153 94
108 184 85
108 185 35
109 1 53
109 43 45
109 57 139
109 71 160
109 79 69
109 83 175
109 84 29
109 118 133
109 181 86
109 192 146
109 194 133
109 198 147
110 9 96
110 56 163
110 73 57
110 78 96
110 82 84
110 103 66
110 111 185
110 124 207
110 148 67
110 159 45
110 188 52
111 53 174
111 70 156
111 90 101
111 101 165
111 171 172
111 188 161
112 25 18
112 65 48
112 72 101
112 109 53
112 128 82
112 137 55
112 150 126
112 157 35
112 166 83
113 21 139
113 25 82
113 51 162
113 57 182
113 79 117
113 87 147
113 90 123
113 140 104
113 169 109
114 17 172
114 18 112
114 24 188
114 36 65
114 45 96
114 58 159
114 68 193
114 75 183
114 146 215
114 158 112
114 163 139
114 167 73
115 5 77
115 27 23
115 58 65
115 98 145
115 133 121
115 154 67
115 158 138
115 185 25
116 60 62
116 65 72
116 76 51
116 82 138
116 113 66
116 117 112
116 156 218
116 180 129
117 13 111
117 34 70
117 40 214
117 48 173
117 69 169
117 75 189
117 99 158
117 120 185
117 122 188
117 134 185
117 166 158
117 187 93
117 197 168
118 23 69
118 59 136
118 77 31
118 87 40
118 98 78
118 140 33
118 149 174
118 171 21
118 178 47
118 199 95
119 23 222
119 30 144
119 46 146
119 115 203
119 125 98
119 137 16
119 186 185
120 7 156
120 13 90
120 19 164
120 37 157
120 48 71
120 52 98
120 71 34
120 79 169
120 106 186
120 118 69
120 121 185
120 123 202
120 144 177
120 165 219
120 177 192
120 182 68
121 11 173
121 22 147
121 26 17
121 29 46
121 83 251
121 98 41
121 100 41
121 116 124
121 125 186
121 127 129
121 130 171
121 147 167
121 149 179
121 161 129
122 5 113
122 11 142
122 14 142
122 62 152
122 112 61
122 123 33
122 143 64
122 181 21
122 199 84
122 200 59
123 15 117
123 25 59
123 70 89
123 95 91
123 102 181
123 116 76
123 117 165
123 125 39
123 126 90
123 137 54
123 161 49
124 6 135
124 27 160
124 61 79
124 65 104
124 79 91
124 81 64
124 93 124
124 102 182
124 146 153
124 154 179
124 162 99
124 198 171
125 6 111
125 15 79
125 32 150
125 33 146
125 64 27
125 99 30
125 102 162
125 136 119
125 193 62
126 73 64
126 75 163
126 85 169
126 139 28
126 152 32
126 154 138
126 173 83
126 190 114
127 12 138
127 48 51
127 114 156
127 129 30
127 134 74
127 135 53
127 138 74
127 156 71
127 166 43
127 194 119
127 200 155
128 36 148
128 57 10
128 80 110
128 144 216
128 147 166
128 178 168
128 184 49
128 195 24
129 6 28
129 85 77
129 112 106
129 115 47
129 131 163
129 132 171
129 137 158
129 143 136
129 170 77
129 181 141
129 184 60
129 190 97
129 200 167
130 16 145
130 19 149
130 26 178
130 46 149
130 78 151
130 105 132
130 137 202
130 138 102
130 167 150
131 18 95
131 35 151
131 46 164
131 61 74
131 73 107
131 94 169
131 96 151
131 106 39
131 184 163
132 14 78
132 23 229
132 34 109
132 44 216
132 117 97
132 122 123
132 159 129
132 178 207
133 29 149
133 48 61
133 60 163
133 74 105
133 102 132
133 106 87
133 120 132
133 141 122
133 157 93
133 159 181
133 199 76
134 5 90
134 8 38
134 19 164
134 52 98
134 122 194
134 137 213
134 148 169
134 151 163
134 175 105
134 181 198
134 193 161
135 12 87
135 20 124
135 26 83
135 36 83
135 38 64
135 40 163
135 43 93
135 66 65
135 89 127
135 104 40
135 114 144
135 142 41
135 149 157
136 5 58
136 19 129
136 80 138
136 91 49
136 93 30
136 111 111
136 120 60
136 131 158
136 133 85
136 137 152
136 138 88
136 169 171
136 175 46
136 184 71
136 189 134
137 28 41
137 51 189
137 63 109
137 92 15
137 99 56
137 113 82
137 117 125
137 163 123
137 170 109
137 175 108
138 117 73
138 121 70
138 174 117
138 189 157
139 26 95
139 68 191
139 82 125
139 100 112
139 103 89
139 119 21
139 176 124
140 30 104
140 32 11
140 43 100
140 52 69
140 72 126
140 93 62
140 103 51
140 106 131
140 186 60
140 199 85
141 18 105
141 21 152
141 23 106
141 47 82
141 66 56
141 78 70
141 87 59
141 92 144
141 115 101
141 116 131
141 124 173
141 131 136
141 165 143
142 38 96
142 50 28
142 68 114
142 108 61
142 111 182
142 123 187
143 24 143
143 26 130
143 36 67
143 39 175
143 41 35
143 163 104
143 192 158
144 57 215
144 89 162
144 91 105
144 117 35
144 140 78
144 141 84
144 152 133
145 22 121
145 26 168
145 36 155
145 51 34
145 65 182
145 83 162
145 96 150
145 118 46
145 161 145
145 168 100
145 191 164
145 200 200
146 5 68
146 7 140
146 16 145
146 32 89
146 68 40
146 98 145
146 99 169
146 127 62
146 136 46
146 155 154
146 159 156
146 165 202
146 171 79
146 177 175
147 17 186
147 32 77
147 37 160
147 39 21
147 43 161
147 51 28
147 53 5
147 79 177
147 132 217
147 138 97
147 139 218
147 151 174
147 167 158
148 1 132
148 2 46
148 7 97
148 42 54
148 86 22
148 91 99
148 105 95
148 138 62
148 142 92
148 158 145
148 192 110
149 72 136
149 77 169
149 87 154
149 91 179
149 115 202
149 131 48
149 153 185
149 176 103
149 183 204
150 12 23
150 78 76
150 102 121
150 115 171
150 128 195
150 133 178
150 137 129
150 198 122
151 33 132
151 50 144
151 63 98
151 68 109
151 73 118
151 76 55
151 109 88
151 140 134
151 160 33
151 173 90
151 195 72
152 1 53
152 21 72
152 31 144
152 48 130
152 110 126
152 118 127
152 132 47
153 54 168
153 55 159
153 74 102
153 77 95
153 85 183
153 123 179
153 124 218
153 140 36
153 144 45
153 170 154
153 177 157
153 178 97
153 189 159
153 195 203
153 200 187
154 35 24
154 48 82
154 61 141
154 89 152
154 125 154
154 190 137
155 5 120
155 20 95
155 25 8
155 68 132
155 78 35
155 83 142
155 115 161
155 124 127
155 149 60
155 157 38
155 181 62
155 199 27
156 29 139
156 41 219
156 54 132
156 55 156
156 65 202
156 68 60
156 78 160
156 122 191
156 123 199
156 158 147
156 165 215
156 171 73
156 176 107
156 181 195
156 190 151
157 2 103
157 22 53
157 42 83
157 53 207
157 64 79
157 77 152
157 81 101
157 95 70
157 101 58
157 110 161
157 116 56
157 141 130
157 161 32
157 185 164
157 186 180
157 195 120
157 200 27
158 5 74
158 6 87
158 15 65
158 21 58
158 24 87
158 26 165
158 37 45
158 73 116
158 79 30
158 100 141
158 111 53
158 126 106
158 137 91
158 163 81
158 169 96
159 20 176
159 55 167
159 99 173
159 109 116
159 136 124
159 180 15
159 193 127
159 194 206
159 200 185
160 5 57
160 22 28
160 82 184
160 88 7
160 127 74
160 136 76
160 189 74
160 190 24
161 6 96
161 44 170
161 56 38
161 76 34
161 77 124
161 83 136
161 183 160
161 184 118
161 186 149
161 200 59
162 13 72
162 57 63
162 79 108
162 80 145
162 94 120
162 121 188
162 144 188
162 164 76
163 109 100
163 132 130
163 137 123
163 150 106
163 165 131
163 169 143
163 187 129
164 24 78
164 39 155
164 42 140
164 56 87
164 57 13
164 79 79
164 102 157
164 168 46
164 197 66
165 22 77
165 57 130
165 80 21
165 91 175
165 102 190
165 196 153
166 27 64
166 35 58
166 90 33
166 104 132
166 131 142
166 141 83
166 167 105
166 181 113
166 200 142
167 29 59
167 51 132
167 52 74
167 66 86
167 85 147
167 96 89
167 104 80
167 153 91
167 168 147
167 174 130
167 178 149
167 180 75
168 10 175
168 23 133
168 28 124
168 38 94
168 62 89
168 63 122
168 68 49
168 112 111
168 114 185
168 115 98
168 123 128
168 127 93
168 142 156
168 194 61
169 11 185
169 31 149
169 37 75
169 42 104
169 46 187
169 65 40
169 67 71
169 81 136
169 87 171
169 185 199
170 12 185
170 23 152
170 26 171
170 42 98
170 84 130
170 153 154
170 195 53
171 4 41
171 43 127
171 71 45
171 85 149
171 92 187
171 95 158
171 104 70
171 123 183
171 132 170
171 143 161
171 163 64
172 10 16
172 29 51
172 44 165
172 65 108
172 73 33
172 90 91
172 99 102
172 121 68
172 132 57
172 159 78
172 176 91
172 182 108
172 188 38
172 194 151
173 8 97
173 14 49
173 21 122
173 60 93
173 69 78
173 71 80
173 86 95
173 99 102
173 101 122
173 105 43
173 121 100
173 134 112
173 168 114
173 182 47
174 3 116
174 49 2
174 62 31
174 111 99
174 112 116
174 113 175
174 118 69
175 42 50
175 78 60
175 92 119
175 104 87
175 112 63
175 136 46
175 159 102
176 5 59
176 18 38
176 59 113
176 72 59
176 79 59
176 119 109
176 130 102
176 189 85
177 52 95
177 55 47
177 61 37
177 69 93
177 121 152
177 126 65
177 131 37
177 154 154
177 172 84
177 181 34
177 190 62
178 6 75
178 20 138
178 40 177
178 42 135
178 60 180
178 68 90
178 154 43
178 175 100
178 176 115
178 182 70
178 190 166
178 200 225
179 16 81
179 35 61
179 52 22
179 73 96
179 83 103
179 108 62
179 133 44
179 139 136
179 152 89
179 182 44
180 23 148
180 39 121
180 45 51
180 117 35
181 22 56
181 37 59
181 58 141
181 98 182
181 101 88
181 102 181
181 108 155
181 126 100
181 150 173
181 151 36
181 158 50
182 12 148
182 13 24
182 14 94
182 19 121
182 23 81
182 36 116
182 44 67
182 64 122
182 88 71
182 91 46
182 99 124
182 108 19
182 113 139
182 138 82
182 152 113
182 155 102
182 166 37
182 174 38
182 186 52
183 35 61
183 37 146
183 48 67
183 49 51
183 54 129
183 75 83
183 96 160
183 125 167
183 137 202
183 149 204
183 172 159
183 184 100
184 15 19
184 16 133
184 21 126
184 25 115
184 26 202
184 84 172
184 92 162
184 98 177
184 101 183
184 124 72
184 159 188
185 29 131
185 40 118
185 124 139
185 139 195
185 154 65
185 156 34
185 162 40
185 164 116
186 34 83
186 44 31
186 92 200
186 94 51
186 96 128
186 105 120
186 112 144
186 159 112
186 167 131
186 184 117
187 4 146
187 18 120
187 35 148
187 59 29
187 131 44
188 3 9
188 19 51
188 45 17
188 58 71
188 76 114
188 141 35
188 154 75
188 166 104
188 172 38
189 20 101
189 43 40
189 50 161
189 67 60
189 76 8
189 100 135
189 101 58
189 136 134
189 163 109
190 26 174
190 69 40
190 76 71
190 78 98
190 94 153
190 103 104
190 121 181
190 125 21
190 130 149
190 141 122
190 171 152
191 3 61
191 15 213
191 21 185
191 29 47
191 32 95
191 53 174
191 69 176
191 71 153
191 81 184
191 88 170
191 111 219
191 128 207
191 142 103
191 162 188
191 186 143
191 193 124
192 33 14
192 38 83
192 84 143
192 101 189
192 144 115
192 162 92
192 172 119
193 3 82
193 22 30
193 75 112
193 90 70
193 106 29
193 108 111
193 111 105
193 128 93
193 138 119
193 144 139
193 194 93
194 5 74
194 17 27
194 47 144
194 58 126
194 71 152
194 72 65
194 79 65
194 111 19
194 112 81
194 120 162
194 177 90
194 181 66
194 186 166
194 200 105
195 22 87
195 39 156
195 44 161
195 64 46
195 81 46
195 82 245
195 86 224
195 88 58
195 113 202
195 118 154
195 125 69
195 129 105
195 131 155
195 134 150
195 170 53
195 198 150
196 6 109
196 11 150
196 20 169
196 69 158
196 83 234
196 123 169
196 136 122
196 151 160
196 163 98
196 168 193
196 177 145
197 21 30
197 86 175
197 127 116
197 137 75
197 184 96
197 187 112
198 4 68
198 30 82
198 58 31
198 72 100
198 76 166
198 113 150
198 117 133
198 191 135
199 6 67
199 47 54
199 56 59
199 58 74
199 67 54
199 79 43
199 81 74
199 82 136
199 84 71
199 85 108
199 121 119
199 132 85
200 7 73
200 11 176
200 28 53
200 53 234
200 55 72
200 58 160
200 61 61
200 70 84
200 92 26
200 110 187
200 121 175
200 132 77
200 133 113
200 140 170
200 155 63
200 163 139
200 171 198
200 177 33
200 180 171
200 186 207
