200 1971 1 
1 2 5
1 10 3
1 19 5
2 9 5
2 12 5
2 13 1
2 14 5
2 15 4
2 18 4
2 29 3
2 41 4
2 46 3
3 14 4
3 16 5
3 18 4
3 20 5
3 22 4
3 24 2
3 26 3
3 27 4
3 28 5
3 30 0
3 35 1
3 37 0
3 43 3
3 45 1
3 47 5
3 48 2
3 50 4
4 7 5
4 10 1
4 11 1
4 24 1
4 25 3
4 39 5
4 40 5
4 54 0
5 10 4
5 16 3
5 19 1
5 21 3
5 34 5
5 35 1
5 37 5
5 42 2
5 55 0
6 12 0
6 16 1
6 46 4
6 48 5
6 52 2
7 8 2
7 14 4
7 34 4
7 51 2
7 52 1
7 55 5
8 11 5
8 17 4
8 18 1
8 21 0
8 22 2
8 30 3
8 42 5
8 45 4
8 48 5
8 54 3
8 55 0
9 17 2
9 21 3
9 25 0
9 31 4
9 35 5
9 37 4
9 41 5
9 43 3
10 11 2
10 13 2
10 23 5
10 24 5
10 33 1
10 40 5
10 48 3
10 51 4
10 54 5
10 56 3
11 16 1
11 27 2
11 54 3
11 57 5
11 59 1
12 13 5
12 15 5
12 16 5
12 38 3
12 40 2
12 42 2
12 43 5
12 44 5
12 47 4
12 50 5
12 52 2
12 53 2
12 62 1
13 15 5
13 18 5
13 21 4
13 26 3
13 27 1
13 30 1
13 47 3
13 50 4
13 53 1
13 56 4
13 60 2
14 15 5
14 18 1
14 22 5
14 23 1
14 28 4
14 32 1
14 37 5
14 40 2
14 41 4
14 45 5
14 46 1
14 49 1
14 50 2
14 57 3
15 20 1
15 23 3
15 33 0
15 36 4
15 54 5
15 57 3
15 60 1
16 17 2
16 19 5
16 20 5
16 22 2
16 27 4
16 43 2
16 46 5
16 48 4
16 49 3
16 50 4
16 63 1
17 21 1
17 30 5
17 36 1
17 44 5
17 65 5
18 22 5
18 29 3
18 30 4
18 34 4
18 36 4
18 39 3
18 41 2
18 51 0
18 55 5
18 57 5
19 20 2
19 25 3
19 26 4
19 35 2
19 41 2
19 42 0
19 45 1
19 47 2
19 49 2
19 55 3
19 61 4
19 62 5
19 63 4
19 65 5
20 23 2
20 26 3
20 27 4
20 31 1
20 42 1
20 47 3
20 50 5
20 54 5
20 62 5
20 68 2
21 22 2
21 23 1
21 26 4
21 27 3
21 38 1
21 39 1
21 41 3
21 49 5
21 54 4
21 57 1
21 61 4
21 63 1
21 68 1
21 70 1
21 71 5
22 27 1
22 28 1
22 37 0
22 38 1
22 41 2
22 42 5
22 51 3
22 54 2
22 57 1
22 58 3
22 65 4
22 67 5
22 71 4
23 28 3
23 32 5
23 35 4
23 41 2
23 44 5
23 47 1
23 54 1
23 55 0
23 63 2
23 64 2
23 68 1
23 70 2
23 71 5
24 27 1
24 29 5
24 34 5
24 35 5
24 43 3
24 45 5
24 46 5
24 50 1
24 51 2
24 53 3
24 57 2
24 59 1
24 60 3
24 62 5
24 68 1
25 27 1
25 30 1
25 31 4
25 33 5
25 34 1
25 35 3
25 39 4
25 40 1
25 41 3
25 43 1
25 45 5
25 46 4
25 48 4
25 51 4
25 55 0
25 58 5
25 60 5
25 63 5
25 65 5
25 66 5
25 68 3
26 33 1
26 37 5
26 39 5
26 40 4
26 49 2
26 52 1
26 57 2
26 59 5
26 64 5
26 67 2
26 70 4
27 28 2
27 33 0
27 42 5
27 50 3
27 51 2
27 54 3
27 58 5
27 63 2
27 64 3
27 73 3
27 75 1
28 31 2
28 35 4
28 40 5
28 50 3
28 59 5
28 65 5
28 66 2
28 69 5
28 74 5
29 43 1
29 47 0
29 49 1
29 53 2
29 54 5
29 57 2
29 60 3
29 62 4
29 76 3
30 33 3
30 39 2
30 44 2
30 66 4
30 68 3
30 70 1
30 73 5
30 74 0
30 78 4
31 34 5
31 42 2
31 47 5
31 56 3
31 62 3
31 69 0
31 72 0
31 76 3
31 81 5
32 51 2
32 58 5
32 61 5
32 73 2
32 74 3
32 78 1
32 81 0
32 82 5
33 39 1
33 45 5
33 49 1
33 52 1
33 58 1
33 60 3
33 63 0
33 66 4
33 67 1
33 79 0
34 44 4
34 45 5
34 46 1
34 49 0
34 54 5
34 56 1
34 57 1
34 59 5
34 63 5
34 64 3
34 65 1
34 66 3
34 72 5
34 75 2
34 81 3
34 84 3
35 55 5
35 59 3
35 63 1
35 64 4
35 74 4
35 80 5
35 81 1
35 82 5
36 55 5
36 56 3
36 58 5
36 64 0
36 65 5
36 69 5
36 80 5
36 83 1
36 85 3
37 38 1
37 39 4
37 42 2
37 47 5
37 48 4
37 61 2
37 73 5
37 76 3
37 78 0
37 79 1
37 80 3
37 81 2
38 41 5
38 47 3
38 60 3
38 65 4
38 69 4
38 70 4
38 76 5
38 80 3
38 84 5
39 44 4
39 51 5
39 52 2
39 54 5
39 58 1
39 59 4
39 62 3
39 68 5
39 71 4
39 73 1
39 75 2
39 80 3
39 81 2
39 82 3
39 89 1
40 41 4
40 48 5
40 49 5
40 66 2
40 68 2
40 75 5
40 89 0
40 90 0
41 44 5
41 52 5
41 53 1
41 56 3
41 62 5
41 64 5
41 72 2
41 83 1
41 90 4
42 44 4
42 46 0
42 50 3
42 53 5
42 56 5
42 58 3
42 59 1
42 69 3
42 70 0
42 71 5
42 73 3
42 74 5
42 78 2
42 79 1
42 83 1
43 48 3
43 51 4
43 57 4
43 66 5
43 67 5
43 68 2
43 71 5
43 73 3
43 76 4
43 80 2
43 84 5
43 88 2
44 45 3
44 54 5
44 63 5
44 74 1
44 75 5
44 76 1
44 78 5
44 79 5
44 82 0
44 85 5
44 90 1
45 47 3
45 48 1
45 49 4
45 57 4
45 71 5
45 75 4
45 76 5
45 84 5
45 85 4
45 90 0
45 92 4
46 51 0
46 52 5
46 57 4
46 60 2
46 61 1
46 71 5
46 72 0
46 74 5
46 77 5
46 83 1
46 88 3
47 48 4
47 54 1
47 58 4
47 73 2
47 74 1
47 77 3
47 78 0
47 85 4
47 97 3
48 51 4
48 52 1
48 61 3
48 71 4
48 72 2
48 74 4
48 84 4
48 85 4
48 88 1
48 92 3
48 94 0
48 95 1
49 57 2
49 58 2
49 70 5
49 75 1
49 78 2
49 82 4
49 89 5
49 91 1
50 58 4
50 59 1
50 60 4
50 67 5
50 68 1
50 72 4
50 78 3
50 84 1
50 87 5
50 89 3
50 91 0
50 100 0
51 52 2
51 57 3
51 60 5
51 80 5
51 83 3
51 86 5
51 87 3
51 89 5
51 92 0
51 98 2
51 101 4
52 54 1
52 55 3
52 59 4
52 63 4
52 81 1
52 86 4
53 56 1
53 58 3
53 61 2
53 67 1
53 68 5
53 72 5
53 78 3
53 83 1
53 85 5
53 86 1
53 91 5
53 94 2
53 95 2
53 101 2
53 102 2
54 55 5
54 57 4
54 58 0
54 63 3
54 68 3
54 73 5
54 86 0
54 100 3
55 56 2
55 68 4
55 70 1
55 82 4
55 87 3
55 92 0
55 94 0
55 100 0
55 101 0
55 105 3
56 63 5
56 64 5
56 69 5
56 71 3
56 74 3
56 85 5
56 86 2
56 102 4
56 106 1
57 70 3
57 77 2
57 80 0
57 83 2
57 89 5
58 60 3
58 64 1
58 72 1
58 73 4
58 78 2
58 87 5
58 94 2
58 98 4
58 99 1
58 104 1
59 61 1
59 68 3
59 74 4
59 81 4
59 86 1
59 90 5
59 92 1
59 103 5
60 71 1
60 75 3
60 76 5
60 80 1
60 82 2
60 88 5
60 95 2
60 108 3
60 109 0
61 62 0
61 64 2
61 66 3
61 79 4
61 89 2
61 91 3
61 94 5
61 96 4
61 100 4
61 101 3
61 102 2
61 105 2
62 63 2
62 65 5
62 66 4
62 68 5
62 70 4
62 78 4
62 79 5
62 87 5
62 88 1
62 94 1
62 97 3
62 98 1
62 105 2
62 107 4
63 67 2
63 68 5
63 76 1
63 77 4
63 80 5
63 91 3
63 92 2
63 97 1
63 98 1
63 106 5
63 111 4
63 112 1
64 65 5
64 68 3
64 69 4
64 76 5
64 82 2
64 97 3
64 103 4
64 104 4
64 114 3
65 79 2
65 100 2
65 106 3
65 109 5
65 110 2
65 112 2
65 114 4
65 115 1
66 71 1
66 79 3
66 81 5
66 94 5
66 112 1
66 116 5
67 69 4
67 73 5
67 74 5
67 94 3
67 99 5
67 101 0
67 111 2
67 117 3
68 78 5
68 86 3
68 91 2
68 93 4
68 97 2
68 100 4
68 101 5
68 106 3
69 78 1
69 89 4
69 92 4
69 95 3
69 97 3
69 104 5
69 112 2
69 115 4
69 117 4
70 75 5
70 86 5
70 97 1
70 103 1
70 109 4
70 110 4
70 113 1
70 117 5
71 77 5
71 86 1
71 89 2
71 90 2
71 94 0
71 96 5
71 104 0
71 109 5
71 110 4
71 113 1
71 115 1
71 118 3
72 74 5
72 77 5
72 82 1
72 83 5
72 86 5
72 87 4
72 94 5
72 95 0
72 96 5
73 80 2
73 103 0
73 108 3
73 110 3
73 116 4
73 119 0
74 77 5
74 79 3
74 88 0
74 93 2
74 96 2
74 100 4
74 104 2
74 107 5
74 113 5
74 122 1
75 77 3
75 78 2
75 80 2
75 86 4
75 87 4
75 101 1
75 109 1
75 112 1
75 113 0
75 116 2
75 118 5
75 119 3
75 124 2
75 125 4
76 78 5
76 82 5
76 83 4
76 93 4
76 97 3
76 98 5
76 109 5
76 110 2
76 116 2
76 119 5
77 83 3
77 86 3
77 90 1
77 93 3
77 95 2
77 96 5
77 101 3
77 102 4
77 109 3
77 114 3
77 116 5
77 118 5
77 122 0
77 126 3
77 127 3
78 81 2
78 82 5
78 83 1
78 85 4
78 87 4
78 93 0
78 102 1
78 109 2
78 112 3
78 116 2
78 123 1
78 126 3
78 128 2
79 82 3
79 88 4
79 99 1
79 100 0
79 102 2
79 105 3
79 115 4
79 116 5
79 118 1
79 119 5
79 121 5
79 123 4
79 128 2
79 129 5
80 85 5
80 89 3
80 101 0
80 106 4
80 107 5
80 114 1
80 115 2
80 118 5
80 124 4
80 125 3
80 126 1
80 130 2
81 85 2
81 86 5
81 90 4
81 91 4
81 101 1
81 106 5
81 108 5
81 109 0
81 110 4
81 121 3
81 122 5
81 124 5
82 85 5
82 88 5
82 89 1
82 100 4
82 107 2
82 108 3
82 109 2
82 114 1
82 117 4
82 120 4
82 124 1
82 130 4
82 132 4
83 89 3
83 90 1
83 98 4
83 106 5
83 116 0
83 123 5
83 132 2
84 85 2
84 86 1
84 92 1
84 96 0
84 103 5
84 126 2
84 128 5
84 134 1
85 94 5
85 100 3
85 106 5
85 109 3
85 111 1
85 112 4
85 121 2
85 129 2
85 133 5
86 99 5
86 103 2
86 109 0
86 111 0
86 112 4
86 119 0
86 123 3
86 125 1
86 126 2
86 129 1
86 131 3
86 133 5
86 134 4
86 136 5
87 90 1
87 96 5
87 97 1
87 99 3
87 104 2
87 119 5
87 127 3
88 89 1
88 93 5
88 94 3
88 103 3
88 114 4
88 116 0
88 119 4
88 130 1
88 134 3
89 93 3
89 94 5
89 100 2
89 104 2
89 106 5
89 111 3
89 112 5
89 116 4
89 127 4
89 133 0
89 135 5
90 100 5
90 101 4
90 105 3
90 113 2
90 118 3
90 128 5
90 131 5
90 137 5
90 138 3
90 139 0
91 93 4
91 95 2
91 101 1
91 102 4
91 108 4
91 111 2
91 120 4
91 124 5
91 127 2
91 128 3
91 134 1
91 136 2
91 139 1
92 96 4
92 101 5
92 103 2
92 108 5
92 118 0
92 119 0
92 121 1
92 123 2
92 129 5
92 133 2
92 139 1
92 140 2
92 141 3
93 95 5
93 100 0
93 102 5
93 114 3
93 134 3
93 137 5
93 141 0
94 102 5
94 104 3
94 107 5
94 108 3
94 110 5
94 113 2
94 114 4
94 115 3
94 122 4
94 123 1
94 125 2
94 134 3
94 138 1
95 101 5
95 102 2
95 103 1
95 104 3
95 111 3
95 114 1
95 115 5
95 117 5
95 124 4
95 127 4
95 134 2
95 136 3
95 138 1
95 143 3
96 106 3
96 110 1
96 113 5
96 124 1
96 127 5
96 128 1
96 130 2
96 133 3
96 134 4
96 139 4
96 143 3
96 146 5
97 99 3
97 103 4
97 113 5
97 116 2
97 119 5
97 130 0
98 101 5
98 106 4
98 111 0
98 122 1
98 126 2
98 130 0
98 133 1
98 147 1
99 102 5
99 103 4
99 109 3
99 111 0
99 122 2
99 125 5
99 128 1
99 138 2
99 148 3
99 149 5
100 102 5
100 103 4
100 106 5
100 107 3
100 109 4
100 121 1
100 126 5
100 128 5
100 129 3
100 145 1
101 107 0
101 111 0
101 116 5
101 123 5
101 134 1
101 135 3
101 140 4
101 142 4
101 150 5
102 107 4
102 109 5
102 115 4
102 119 2
102 128 3
102 130 4
102 135 5
102 136 4
102 146 3
102 147 2
102 152 2
103 104 2
103 108 1
103 113 1
103 115 2
103 124 2
103 129 5
103 130 2
103 135 1
104 105 3
104 106 5
104 109 1
104 113 1
104 118 4
104 122 0
104 123 3
104 132 4
104 139 2
104 152 5
104 153 4
105 108 2
105 113 5
105 119 1
105 125 5
105 130 2
105 134 5
105 139 3
105 141 4
105 145 3
105 148 4
105 153 0
106 115 4
106 118 1
106 119 2
106 120 4
106 121 0
106 131 1
106 132 0
106 151 4
106 154 2
107 116 4
107 126 3
107 133 3
107 139 5
107 141 3
107 143 5
107 150 4
107 151 5
107 153 4
107 156 3
108 111 1
108 116 3
108 117 3
108 119 3
108 126 5
108 138 1
108 140 5
108 142 5
108 143 1
108 150 2
108 157 1
108 158 5
109 115 5
109 119 3
109 121 0
109 128 2
109 131 4
109 134 5
109 137 4
109 144 2
109 146 3
109 150 0
109 154 5
109 155 2
109 158 4
109 159 2
110 122 1
110 130 3
110 131 0
110 136 3
110 137 1
110 145 2
111 115 4
111 122 5
111 124 3
111 127 2
111 129 5
111 134 3
111 159 5
112 118 5
112 119 0
112 125 1
112 127 3
112 129 4
112 130 3
112 132 5
112 135 5
112 147 5
112 151 3
112 152 5
112 153 5
112 156 3
112 159 5
113 118 1
113 122 2
113 136 0
113 138 3
113 144 1
113 153 4
113 156 4
113 159 4
114 122 5
114 123 5
114 129 2
114 131 5
114 137 3
114 151 3
114 152 3
114 154 1
115 116 5
115 119 5
115 123 5
115 127 5
115 132 0
115 140 5
115 157 1
115 165 0
116 131 5
116 135 2
116 142 5
116 144 4
116 155 5
116 162 2
117 118 1
117 120 5
117 125 5
117 141 5
117 143 3
117 147 2
117 148 4
117 149 5
117 152 2
117 157 1
117 159 2
117 164 1
118 121 2
118 122 5
118 124 4
118 125 5
118 132 5
118 135 4
118 142 4
118 145 5
118 146 2
118 152 4
118 154 1
118 156 3
118 162 4
118 168 2
119 125 5
119 127 1
119 131 4
119 133 5
119 141 3
119 151 3
119 152 4
119 154 1
119 160 3
119 166 0
119 169 2
120 121 2
120 123 2
120 125 0
120 130 5
120 132 5
120 138 5
120 141 3
120 147 3
120 153 1
120 154 4
120 156 2
120 164 4
120 170 3
121 124 4
121 126 5
121 128 3
121 133 3
121 146 4
121 151 2
121 152 0
121 154 0
121 156 1
121 158 5
121 163 3
121 168 2
121 170 5
122 132 2
122 134 2
122 135 5
122 139 1
122 149 3
122 152 5
122 153 0
122 154 1
122 158 2
122 162 3
122 165 2
122 168 5
122 171 5
122 172 1
123 128 5
123 141 3
123 142 4
123 150 3
123 151 1
123 153 4
123 158 4
123 159 5
123 162 2
124 126 5
124 129 4
124 131 3
124 133 1
124 134 4
124 144 4
125 133 3
125 141 5
125 150 3
125 153 4
125 163 3
126 132 5
126 133 1
126 139 3
126 140 3
126 145 3
126 149 1
126 153 5
126 156 1
126 162 2
126 165 2
126 169 1
126 172 1
127 130 4
127 138 5
127 139 3
127 141 1
127 145 5
127 149 2
127 156 5
127 157 4
127 159 3
127 166 3
127 167 3
127 170 2
128 132 5
128 139 4
128 142 4
128 145 1
128 155 2
128 165 4
128 166 3
128 167 1
128 171 3
128 177 4
128 178 2
129 133 2
129 141 1
129 148 4
129 151 3
129 152 0
129 155 3
129 158 3
129 175 5
129 179 4
130 132 3
130 133 5
130 141 2
130 142 1
130 144 1
130 145 1
130 150 5
130 156 3
130 165 1
130 169 2
131 132 1
131 135 0
131 139 3
131 145 3
131 155 2
131 164 5
131 169 5
131 176 2
131 179 4
132 148 2
132 152 2
132 160 5
132 168 4
132 169 1
132 170 2
132 172 4
133 139 5
133 144 5
133 152 1
133 156 2
133 167 0
133 169 3
133 177 5
133 178 3
133 183 0
134 138 1
134 147 4
134 151 2
134 154 1
134 155 5
134 156 1
134 157 3
134 158 1
134 174 0
134 178 5
134 179 5
135 139 4
135 140 5
135 145 3
135 146 5
135 150 4
135 151 4
135 158 2
135 164 2
135 169 3
135 171 2
135 173 0
135 184 4
136 137 5
136 145 3
136 154 4
136 164 1
136 171 2
136 175 4
136 180 5
136 184 2
137 138 4
137 143 3
137 147 4
137 158 4
137 159 3
137 160 1
137 162 4
137 164 2
137 165 5
137 170 4
137 173 1
137 176 2
137 187 1
138 140 5
138 145 5
138 148 0
138 151 5
138 155 2
138 157 3
138 162 2
138 166 4
138 167 3
138 180 2
138 188 5
139 154 1
139 160 1
139 164 3
139 169 2
139 174 1
139 176 2
139 183 2
139 184 2
139 185 3
139 188 3
139 189 1
140 149 1
140 151 5
140 153 3
140 156 5
140 158 4
140 164 4
140 178 1
140 182 4
141 149 2
141 160 1
141 161 2
141 170 5
141 172 3
141 180 5
141 182 3
141 183 0
141 189 5
142 152 1
142 155 3
142 166 1
142 168 3
142 177 5
142 179 0
142 181 0
142 182 2
142 192 0
143 147 1
143 148 4
143 149 2
143 152 1
143 153 4
143 172 1
143 175 5
143 184 3
143 192 1
144 148 2
144 152 4
144 157 2
144 159 5
144 161 0
144 169 3
144 174 2
144 178 5
144 180 0
144 185 5
145 146 4
145 147 5
145 154 5
145 155 4
145 157 5
145 158 1
145 163 5
145 166 5
145 169 5
145 176 3
145 178 1
145 181 0
146 148 4
146 149 2
146 155 3
146 156 4
146 157 5
146 160 1
146 162 1
146 171 1
146 175 0
146 184 2
146 185 4
146 186 2
146 188 5
146 191 3
147 151 2
147 155 3
147 157 4
147 158 4
147 165 1
147 173 5
147 182 5
147 195 3
148 152 3
148 155 4
148 158 4
148 164 2
148 166 3
148 171 3
148 174 4
148 176 2
148 178 5
148 180 4
148 181 5
148 186 4
148 188 0
148 189 5
148 192 3
148 194 5
148 197 3
149 153 3
149 157 4
149 160 3
149 162 2
149 164 4
149 175 4
149 183 1
149 186 5
149 194 5
150 157 2
150 163 5
150 164 2
150 174 0
150 176 5
150 179 3
150 185 2
150 192 0
150 200 4
151 156 3
151 157 2
151 158 1
151 160 5
151 176 3
151 180 4
151 182 3
151 184 1
151 188 0
151 191 2
151 193 1
152 154 2
152 155 1
152 162 5
152 173 2
152 177 5
152 181 4
152 184 4
153 155 2
153 157 3
153 165 5
153 166 5
153 169 4
153 179 4
153 182 4
153 188 4
153 191 2
153 192 4
153 194 2
153 197 2
153 198 5
154 161 1
154 162 4
154 165 4
154 175 4
154 179 3
154 180 4
154 185 0
154 191 0
155 159 3
155 161 4
155 166 5
155 169 3
155 174 4
155 181 2
155 185 5
155 186 5
155 189 5
155 190 5
155 191 3
155 194 1
155 200 5
156 158 5
156 164 1
156 171 4
156 177 3
156 180 2
156 198 2
157 160 3
157 167 3
157 171 1
157 172 3
157 173 2
157 177 2
157 178 1
157 185 0
157 188 3
157 198 2
158 160 3
158 161 1
158 163 4
158 164 2
158 166 5
158 172 0
158 173 5
158 176 2
158 177 3
158 178 4
158 185 5
158 187 4
158 188 5
158 190 4
158 192 1
158 193 2
158 198 2
159 160 1
159 162 5
159 163 5
159 170 0
159 173 2
159 181 5
159 185 3
159 188 3
159 194 0
159 195 0
159 199 3
159 200 3
160 164 3
160 171 1
160 174 2
160 177 5
160 183 2
160 186 3
160 187 5
160 191 4
160 198 2
160 200 3
161 164 2
161 168 1
161 173 0
161 176 1
161 177 5
161 180 3
161 186 2
161 189 3
161 196 1
161 197 4
161 198 1
161 199 2
162 164 0
162 165 1
162 177 3
162 183 5
162 184 5
162 190 1
162 191 1
162 192 5
163 164 2
163 165 2
163 167 1
163 169 2
163 170 2
163 173 1
163 174 4
163 177 2
163 181 4
163 182 2
163 185 1
163 190 2
163 191 3
163 196 5
164 165 3
164 167 5
164 168 3
164 171 4
164 173 5
164 174 5
164 184 5
164 190 2
164 191 2
164 193 5
164 196 2
165 176 1
165 178 3
165 180 2
165 181 2
165 183 4
165 184 3
165 190 3
165 198 5
166 168 3
166 170 5
166 172 0
166 178 4
166 184 4
166 189 2
166 197 1
166 200 1
167 168 1
167 172 2
167 175 3
167 181 5
167 182 2
167 191 4
167 197 4
168 169 1
168 171 5
168 172 5
168 174 4
168 176 5
168 179 3
168 186 2
168 191 3
168 195 4
168 196 2
168 200 1
169 174 3
169 175 1
169 177 5
169 184 5
169 187 4
169 192 0
169 194 3
170 171 4
170 174 0
170 178 3
170 180 2
170 181 4
170 183 4
170 184 5
170 191 0
170 192 0
170 195 2
170 196 1
170 199 2
170 200 5
171 172 2
171 173 1
171 177 3
171 182 4
171 186 3
171 187 4
171 188 5
171 190 5
171 191 3
171 193 2
171 198 5
172 175 3
172 176 5
172 180 5
172 181 2
172 183 0
172 184 5
172 186 4
172 190 3
172 194 1
172 199 5
173 174 5
173 175 3
173 179 5
173 181 1
173 184 1
173 186 1
173 187 3
173 188 4
173 193 0
173 197 2
173 198 5
174 176 2
174 178 1
174 179 3
174 180 1
174 184 3
174 188 1
174 190 0
174 194 3
174 197 5
174 200 2
175 180 4
175 181 0
175 184 3
175 185 5
175 186 5
175 187 2
175 189 3
175 191 2
175 193 2
175 195 2
175 196 5
176 178 1
176 185 1
176 188 0
176 192 1
176 194 4
176 196 3
176 199 0
176 200 1
177 178 2
177 180 3
177 183 5
177 189 5
177 190 3
177 191 3
177 193 1
177 194 1
177 195 5
177 198 5
177 200 4
178 179 3
178 183 5
178 187 3
178 189 4
178 190 3
178 192 5
178 193 0
178 195 2
178 198 5
179 184 5
179 185 2
179 186 3
179 187 5
179 190 2
179 192 3
179 194 5
179 196 5
179 198 1
180 181 2
180 188 5
180 190 5
180 191 1
180 193 0
180 195 2
180 197 5
181 182 2
181 186 1
181 187 1
181 189 3
181 196 0
181 197 4
182 183 3
182 184 4
182 185 2
182 191 2
182 192 3
182 194 5
182 195 1
182 196 2
182 197 5
182 198 4
182 199 1
182 200 3
183 184 5
183 186 2
183 188 5
183 189 5
183 193 1
183 196 1
183 199 1
183 200 4
184 185 3
184 186 5
184 187 2
184 190 5
184 191 2
184 192 2
184 194 4
184 196 5
184 197 5
184 198 2
185 186 5
185 189 2
185 191 5
185 192 1
185 194 1
185 195 4
185 196 1
185 197 5
185 198 3
185 200 2
186 187 4
186 189 4
186 190 4
186 191 1
186 193 3
186 194 3
186 195 1
186 199 3
186 200 3
187 188 2
187 189 0
187 190 3
187 191 2
187 195 2
187 198 2
187 199 0
188 189 0
188 191 4
188 192 1
188 193 3
188 194 4
188 195 5
188 196 4
188 197 1
188 198 3
188 199 2
189 191 0
189 192 4
189 193 5
189 194 5
189 195 4
189 196 2
189 197 4
189 198 0
189 199 4
189 200 1
190 191 4
190 192 3
190 193 4
190 194 1
190 195 4
190 196 3
190 197 3
190 199 5
191 192 1
191 193 2
191 194 1
191 195 1
191 196 5
191 197 1
191 198 2
191 200 5
192 193 0
192 194 2
192 195 5
192 196 5
192 198 4
192 199 5
192 200 3
193 194 1
193 196 3
193 197 4
193 199 5
193 200 2
194 195 1
194 197 2
194 200 5
195 196 0
195 197 2
195 198 2
195 199 4
195 200 4
196 197 1
196 198 5
196 199 3
196 200 5
197 198 3
197 199 4
197 200 1
198 199 5
198 200 0
199 200 4
