500 4847 10 
1 33 297
1 106 226
1 255 202
1 270 381
1 366 432
1 422 534
1 434 410
1 438 305
2 26 352
2 27 147
2 37 215
2 69 375
2 113 256
2 158 326
2 175 354
2 222 187
2 233 85
2 297 19
2 336 278
2 348 233
2 375 202
3 28 339
3 85 152
3 124 284
3 139 209
3 165 114
3 220 193
3 391 109
4 54 381
4 62 169
4 73 297
4 102 326
4 121 289
4 187 343
4 190 414
4 198 236
4 208 241
4 245 493
4 276 393
4 293 491
4 360 570
4 464 50
5 49 448
5 129 251
5 161 298
5 299 331
5 309 267
5 330 363
5 448 459
5 473 221
6 70 407
6 97 238
6 121 320
6 136 131
6 192 218
6 240 114
6 282 109
6 330 487
6 392 370
6 414 206
6 452 353
6 455 216
6 492 260
6 496 79
7 26 245
7 31 308
7 33 229
7 53 367
7 87 273
7 115 298
7 269 247
7 277 352
7 289 345
7 320 130
7 410 197
7 483 60
8 5 224
8 22 74
8 48 312
8 57 183
8 100 403
8 139 265
8 185 214
8 394 362
8 486 154
9 133 19
9 179 341
9 210 250
9 219 23
9 233 159
9 264 398
9 284 489
9 327 310
9 361 468
9 393 164
9 459 126
10 101 217
10 113 274
10 117 317
10 138 255
10 144 302
10 170 349
10 253 246
10 294 232
10 315 152
10 335 32
10 360 395
10 424 188
10 433 66
10 473 251
10 481 86
11 16 215
11 95 353
11 143 143
11 288 191
11 305 310
11 331 164
11 353 185
11 498 106
11 499 239
12 105 415
12 284 457
12 303 355
12 317 42
12 382 339
12 407 50
12 441 330
12 487 184
12 492 180
13 56 148
13 99 383
13 138 317
13 198 247
13 270 311
13 310 176
13 324 255
13 339 114
13 343 55
13 344 277
13 351 323
13 422 474
13 497 265
14 13 152
14 83 290
14 160 390
14 164 320
14 169 173
14 191 435
14 244 459
14 370 74
14 395 104
14 397 65
14 491 399
14 499 412
15 14 400
15 48 325
15 63 121
15 168 126
15 198 300
15 212 91
15 220 218
15 484 346
16 37 321
16 40 140
16 59 364
16 68 285
16 131 352
16 192 190
16 214 23
16 258 280
16 417 335
16 418 422
17 94 156
17 325 263
17 354 141
17 366 142
17 469 286
17 488 46
18 88 238
18 155 429
18 212 223
18 309 239
18 356 148
18 410 72
18 455 174
19 12 390
19 56 545
19 138 133
19 236 442
19 239 330
19 257 333
19 266 160
19 329 458
19 409 167
19 437 502
19 475 385
20 37 218
20 154 252
20 269 304
20 292 206
20 298 94
20 401 392
20 418 383
20 428 120
20 448 319
20 464 158
21 6 424
21 7 236
21 36 287
21 92 148
21 101 466
21 114 468
21 140 236
21 333 367
21 439 195
21 459 102
22 85 50
22 103 107
22 148 35
22 184 234
22 366 331
22 382 225
23 6 219
23 37 310
23 48 205
23 88 73
23 202 193
23 217 340
23 355 153
23 361 352
23 369 232
23 379 308
23 381 48
23 400 228
23 482 194
24 37 91
24 87 74
24 98 485
24 104 508
24 183 161
24 223 285
24 228 402
24 245 420
24 288 220
24 336 567
24 392 320
25 20 143
25 28 222
25 47 68
25 60 474
25 78 504
25 176 494
25 223 149
25 316 292
25 371 225
25 387 256
25 419 522
25 469 454
26 22 197
26 32 126
26 47 516
26 154 436
26 188 278
26 193 300
26 262 308
26 276 366
26 373 452
26 374 432
26 416 369
26 461 84
27 1 348
27 70 150
27 92 237
27 109 220
27 270 163
27 333 225
27 443 267
28 25 222
28 33 564
28 54 159
28 64 530
28 135 191
28 216 159
28 223 258
28 277 81
28 353 376
28 393 107
28 405 262
28 421 272
29 33 264
29 63 427
29 127 190
29 195 276
29 229 292
29 269 262
29 385 74
29 474 403
30 127 154
30 128 112
30 153 188
30 233 388
30 240 464
30 324 243
31 74 416
31 111 88
31 253 312
31 257 266
31 311 265
31 471 469
32 79 194
32 111 443
32 119 443
32 141 220
32 196 374
32 198 79
32 282 293
32 384 239
32 467 365
33 42 400
33 65 406
33 72 499
33 73 269
33 86 285
33 120 398
33 129 291
33 185 41
33 224 101
33 247 147
33 277 526
33 363 216
33 369 397
33 449 402
34 60 333
34 68 269
34 69 487
34 74 71
34 153 183
34 227 87
34 256 390
34 333 63
34 448 309
34 459 308
35 101 171
35 148 268
35 160 397
35 216 286
35 234 81
35 282 168
35 301 169
35 343 223
35 344 244
35 350 153
35 360 463
35 426 230
35 444 326
35 467 234
36 90 246
36 95 404
36 140 161
36 262 145
36 305 361
36 402 383
36 426 203
36 466 222
37 5 55
37 87 110
37 165 287
37 283 261
37 331 223
37 447 358
38 65 219
38 92 182
38 111 386
38 161 287
38 168 57
38 213 429
38 411 389
38 470 460
39 118 106
39 166 273
39 292 325
39 446 119
39 497 384
39 498 177
40 10 244
40 49 13
40 74 246
40 202 247
40 268 450
40 333 143
40 441 349
41 274 466
41 279 325
41 343 458
41 352 92
41 477 454
41 483 133
42 9 177
42 81 314
42 188 280
42 280 196
42 302 265
42 358 82
42 443 326
43 33 406
43 106 414
43 158 62
43 207 184
43 246 613
43 251 489
43 258 275
43 290 388
43 323 425
44 66 436
44 105 322
44 283 180
44 294 271
44 296 165
44 322 121
44 328 322
44 342 386
44 444 166
44 472 191
44 473 207
45 63 468
45 72 220
45 106 335
45 188 183
45 227 113
45 230 490
45 246 143
45 268 445
45 305 518
45 351 403
45 415 168
45 469 443
45 476 436
46 38 142
46 101 259
46 133 310
46 169 168
46 185 229
46 217 272
46 218 76
46 376 311
46 419 255
47 14 254
47 102 250
47 164 229
47 253 395
47 376 168
47 391 218
47 500 371
48 80 351
48 149 275
48 219 305
48 259 326
48 264 81
48 301 129
48 368 328
48 404 236
49 83 130
49 208 74
49 319 414
49 348 290
49 350 400
49 383 371
49 434 374
49 441 361
50 34 298
50 51 229
50 85 219
50 100 393
50 118 159
50 130 158
50 185 332
50 230 218
50 263 272
50 352 47
50 420 387
50 433 206
50 459 123
50 488 86
51 39 45
51 45 259
51 54 266
51 129 125
51 391 192
52 35 418
52 53 295
52 57 154
52 101 450
52 115 314
52 138 160
52 165 104
52 225 310
52 275 74
52 313 420
52 366 90
52 400 352
52 404 122
53 29 269
53 72 31
53 174 359
53 259 463
53 291 531
53 301 264
53 303 384
53 423 223
53 438 120
53 463 111
53 478 487
54 31 104
54 59 399
54 94 187
54 134 173
54 159 344
54 203 304
54 223 178
54 359 67
55 41 238
55 56 309
55 59 98
55 108 78
55 111 331
55 113 137
55 123 281
55 145 106
55 311 172
55 346 212
55 391 235
55 421 191
55 480 258
56 21 502
56 24 288
56 80 473
56 113 431
56 172 530
56 238 427
56 285 433
56 430 356
56 441 354
57 3 81
57 61 270
57 107 349
57 113 213
57 172 227
57 192 133
57 222 234
57 256 188
57 342 303
57 481 136
58 59 71
58 91 420
58 102 237
58 173 48
58 193 211
58 260 558
58 427 499
59 31 483
59 39 97
59 78 299
59 107 260
59 242 206
59 275 381
59 320 154
59 368 415
59 409 455
59 462 420
59 475 514
60 90 353
60 93 315
60 121 156
60 139 225
60 143 130
60 162 76
60 208 484
60 288 132
60 361 355
60 403 181
60 424 340
60 438 425
60 440 503
60 454 320
60 493 441
61 33 309
61 81 79
61 92 436
61 172 476
61 203 480
61 246 116
61 257 166
61 278 31
61 279 206
61 317 314
61 334 269
62 86 202
62 188 39
62 202 76
62 289 399
62 313 75
62 358 377
62 389 257
62 407 358
62 412 66
62 414 149
62 450 246
62 491 392
63 5 411
63 10 363
63 41 142
63 86 197
63 289 230
63 294 403
63 299 166
63 354 340
63 494 130
64 50 238
64 93 347
64 203 194
64 213 423
64 291 189
64 300 267
64 357 390
64 380 318
65 32 451
65 89 402
65 95 27
65 121 320
65 164 257
65 295 394
65 416 167
65 490 334
66 151 404
66 165 412
66 166 438
66 280 622
66 340 407
66 399 276
66 491 425
66 492 356
67 61 282
67 73 161
67 102 179
67 148 96
67 229 392
67 232 174
67 259 87
67 267 111
67 375 224
67 379 88
67 499 294
68 34 269
68 40 197
68 179 286
68 265 160
68 340 161
68 426 191
68 427 209
68 471 376
68 477 313
69 26 454
69 52 200
69 58 386
69 80 136
69 126 326
69 222 451
69 231 412
69 274 580
69 319 80
69 350 399
69 373 227
69 420 479
69 465 316
70 54 172
70 218 133
70 251 382
70 279 249
70 445 234
70 452 363
70 478 386
71 40 488
71 52 453
71 110 155
71 179 306
71 397 359
71 403 238
71 477 378
71 484 267
72 155 35
72 182 376
72 186 225
72 344 338
72 370 368
72 376 88
72 399 70
72 434 364
72 479 433
73 32 261
73 118 121
73 200 242
73 225 198
73 271 195
73 361 285
73 372 104
73 382 190
73 387 64
73 396 196
73 472 124
73 492 60
73 494 212
74 362 147
74 371 358
74 412 185
74 422 528
75 28 353
75 108 339
75 212 150
75 216 369
75 273 421
75 432 35
75 447 305
75 486 301
76 155 50
76 166 257
76 178 357
76 180 296
76 191 283
76 220 500
76 277 131
76 303 418
76 315 433
76 385 245
76 431 375
77 217 311
77 249 245
77 310 29
77 342 326
77 402 350
77 405 269
77 417 97
77 421 120
78 139 346
78 215 57
78 225 444
78 290 340
78 303 125
78 367 188
78 372 215
78 378 309
79 36 255
79 83 326
79 131 417
79 143 301
79 216 284
79 234 81
79 262 121
79 311 382
79 376 411
80 13 360
80 18 300
80 87 408
80 118 184
80 126 219
80 146 176
80 289 261
80 331 404
80 390 160
80 398 162
80 453 501
81 91 248
81 101 331
81 107 168
81 109 200
81 133 304
81 145 279
81 276 285
81 283 391
81 304 356
81 345 365
81 359 196
81 373 339
81 453 113
82 15 158
82 42 102
82 118 276
82 212 243
82 260 312
83 79 326
83 161 77
83 251 181
83 331 249
83 414 335
83 477 229
84 120 85
84 245 63
84 251 350
84 303 241
84 442 264
84 493 435
85 14 335
85 26 161
85 36 319
85 98 457
85 106 174
85 247 175
85 264 346
85 278 373
85 431 294
85 460 193
86 26 315
86 63 197
86 116 274
86 131 115
86 137 208
86 206 286
86 254 336
86 291 321
86 314 71
86 324 247
86 358 197
86 380 241
86 427 294
87 32 63
87 83 351
87 92 401
87 123 266
87 160 456
87 233 335
87 246 244
87 258 194
87 260 543
87 339 343
87 400 139
87 418 429
88 152 244
88 383 193
88 407 193
88 424 49
88 466 149
89 69 452
89 243 397
89 322 337
89 347 358
89 480 347
90 9 236
90 12 263
90 15 82
90 47 345
90 70 32
90 113 197
90 123 326
90 194 131
90 227 298
90 265 58
90 358 128
90 424 131
90 439 122
90 456 175
90 471 348
91 40 112
91 93 263
91 165 132
91 193 233
91 243 12
91 253 315
91 280 337
91 334 49
91 355 131
91 382 353
91 414 390
91 418 261
91 450 157
91 467 198
92 12 354
92 18 285
92 20 385
92 34 374
92 129 211
92 145 161
92 151 294
92 236 414
92 280 104
92 301 499
92 383 178
92 457 399
92 470 345
92 488 184
93 163 321
93 165 250
93 234 45
93 235 193
93 262 22
93 354 115
93 359 212
93 382 104
93 449 169
93 463 272
94 45 117
94 163 361
94 202 123
94 255 228
94 264 141
94 318 46
94 355 152
94 379 243
94 394 164
94 462 261
95 45 562
95 57 278
95 61 531
95 63 131
95 67 324
95 244 192
95 446 260
95 474 119
96 7 190
96 10 60
96 20 102
96 26 307
96 63 305
96 82 313
96 177 60
96 194 205
96 201 70
96 281 233
96 287 51
96 440 231
96 464 260
96 483 160
97 71 214
97 72 312
97 183 238
97 212 303
97 230 303
97 280 432
97 302 428
97 341 126
97 354 181
97 367 159
97 395 221
98 26 558
98 27 182
98 38 505
98 83 144
98 102 260
98 124 31
98 171 416
98 187 511
98 278 293
98 343 171
98 396 461
98 456 285
98 476 364
98 477 228
99 113 127
99 121 245
99 222 327
99 237 258
99 338 441
99 345 94
99 464 536
99 490 259
99 496 421
100 46 361
100 102 280
100 177 136
100 182 259
100 211 265
100 235 251
100 264 32
100 266 363
100 320 237
100 396 386
100 422 553
100 469 408
101 5 34
101 24 31
101 32 44
101 84 434
101 116 524
101 150 85
101 202 211
101 207 237
101 250 481
101 252 464
101 286 181
101 412 129
101 428 326
101 470 490
101 488 367
102 55 171
102 61 251
102 62 194
102 147 307
102 172 231
102 221 217
102 333 190
102 341 247
102 362 136
102 441 122
102 458 297
103 13 211
103 67 129
103 80 187
103 146 63
103 236 332
103 249 263
103 399 270
103 424 107
103 426 41
103 455 197
103 475 313
104 29 343
104 43 413
104 48 285
104 62 363
104 144 203
104 155 26
104 164 188
104 225 156
104 234 334
104 250 213
104 343 232
104 403 481
105 5 76
105 70 324
105 120 316
105 162 107
105 183 56
105 215 248
105 227 329
105 276 254
105 326 383
105 380 210
105 395 394
105 410 130
106 77 322
106 128 201
106 140 220
106 282 274
106 287 261
106 312 325
106 324 59
106 331 229
106 342 55
106 367 200
106 387 292
106 441 194
106 459 421
106 460 179
106 474 395
107 30 413
107 78 501
107 102 325
107 147 316
107 170 516
107 369 181
107 403 468
108 22 135
108 23 363
108 29 243
108 186 295
108 207 181
108 234 258
108 281 28
108 284 112
108 364 355
108 392 257
108 414 313
108 416 301
108 439 238
109 93 132
109 141 60
109 281 177
109 298 238
109 332 279
109 365 192
109 437 216
109 499 235
110 75 232
110 138 147
110 150 92
110 223 264
110 235 155
110 290 215
110 322 219
110 354 320
110 403 110
110 483 131
111 4 398
111 154 52
111 238 421
111 355 173
111 407 112
112 1 478
112 32 425
112 124 397
112 216 433
112 226 288
112 262 385
112 363 371
112 369 476
112 407 382
112 411 250
112 479 300
113 26 224
113 94 338
113 177 304
113 185 187
113 215 119
113 222 241
113 246 487
113 255 196
113 258 143
113 266 110
113 280 236
113 359 346
113 403 54
113 440 417
113 489 169
113 500 271
114 2 329
114 5 64
114 214 437
114 281 67
114 471 69
114 482 438
114 490 161
114 500 149
115 125 249
115 298 85
115 456 182
115 481 61
116 27 141
116 84 236
116 115 216
116 144 198
116 165 206
116 179 314
116 256 286
116 301 368
116 368 217
116 443 243
117 21 331
117 32 515
117 65 473
117 194 404
117 235 466
117 313 441
117 388 533
117 413 220
117 461 510
117 472 398
118 106 187
118 207 67
118 209 261
118 280 273
118 446 41
119 25 484
119 253 167
119 281 340
119 483 171
120 43 236
120 46 176
120 68 23
120 212 252
120 333 234
120 482 266
121 2 165
121 52 315
121 211 251
121 258 52
121 295 137
121 384 144
122 45 386
122 184 154
122 206 109
122 245 376
122 354 353
122 470 479
122 496 445
122 498 278
123 30 408
123 41 404
123 114 389
123 239 135
123 274 180
123 331 107
123 383 293
123 476 353
124 13 156
124 57 206
124 88 167
124 154 165
124 192 243
124 216 78
124 299 191
124 346 283
124 372 335
124 380 339
124 393 28
124 414 340
124 420 525
124 424 187
125 152 330
125 273 183
125 277 370
125 340 121
125 378 212
125 380 173
125 382 161
125 479 80
126 107 477
126 257 241
126 355 208
126 367 282
126 381 134
126 439 220
126 454 240
127 19 316
127 21 349
127 40 358
127 60 134
127 107 266
127 176 366
127 192 126
127 348 336
127 397 275
127 462 325
128 9 382
128 29 282
128 40 376
128 65 216
128 99 146
128 206 249
128 221 218
128 280 260
128 289 373
128 438 289
129 70 190
129 83 115
129 122 265
129 195 77
129 213 203
129 225 190
129 252 254
129 263 273
129 288 202
129 316 52
129 367 87
129 478 280
130 26 525
130 57 177
130 158 292
130 165 125
130 209 391
130 217 465
130 236 219
130 325 407
130 333 324
130 360 203
130 441 302
131 37 297
131 61 375
131 64 260
131 68 100
131 98 308
131 105 285
131 167 210
131 209 336
131 262 299
131 372 216
131 456 158
131 479 287
132 8 77
132 44 149
132 58 238
132 79 395
132 100 398
132 108 261
132 133 286
132 200 274
132 319 108
132 369 384
132 389 119
132 408 422
132 415 306
132 485 241
133 15 294
133 26 553
133 83 123
133 110 405
133 242 277
133 307 264
133 327 297
133 387 191
133 398 303
133 478 506
134 126 247
134 323 220
134 370 277
134 472 154
135 81 217
135 113 280
135 119 265
135 129 96
135 218 122
135 272 35
135 309 248
135 329 190
135 382 284
135 424 46
135 430 379
135 485 169
135 494 250
135 500 330
136 5 353
136 39 302
136 132 440
136 145 361
136 250 473
136 270 435
136 283 480
136 482 136
136 500 266
137 16 475
137 32 364
137 340 154
137 378 295
138 59 280
138 202 213
138 247 243
138 321 270
138 369 377
138 377 74
139 39 94
139 114 209
139 126 384
139 175 244
139 285 447
139 349 130
139 386 247
139 433 120
139 456 158
139 466 278
140 90 163
140 157 188
140 168 158
140 194 112
140 333 202
140 342 234
140 386 246
141 117 366
141 127 87
141 155 337
141 184 211
141 209 218
141 334 253
141 346 130
141 399 308
141 425 214
141 478 192
141 479 125
142 139 394
142 149 103
142 209 383
142 241 324
142 259 395
142 311 234
142 396 365
142 425 330
142 500 458
143 84 278
143 90 227
143 178 283
143 186 197
143 207 76
143 289 396
143 339 309
143 340 119
144 13 293
144 27 73
144 53 246
144 74 383
144 80 130
144 128 257
144 141 230
144 184 413
144 262 316
144 283 188
144 317 218
144 361 457
144 372 272
144 397 401
144 430 426
145 2 147
145 3 39
145 5 195
145 6 338
145 23 205
145 31 288
145 53 320
145 65 228
145 141 29
145 153 147
145 177 198
145 191 230
145 213 279
145 292 285
145 322 152
145 329 367
145 331 268
145 381 244
145 389 129
145 465 107
146 36 120
146 38 261
146 158 263
146 279 111
146 284 266
146 377 175
146 380 235
146 421 90
146 433 88
147 12 494
147 160 516
147 169 194
147 212 278
147 249 420
147 307 433
147 309 324
147 369 414
147 431 449
147 448 513
147 478 48
148 38 104
148 50 147
148 108 170
148 183 142
148 189 90
148 199 371
148 364 317
148 366 306
149 23 75
149 109 263
149 215 338
149 337 382
149 386 470
149 413 94
149 475 79
150 17 330
150 76 496
150 103 198
150 153 111
150 196 403
150 248 373
150 274 298
150 291 85
150 355 473
150 356 201
150 391 312
150 415 238
150 495 385
151 60 25
151 95 371
151 305 341
151 311 231
151 355 488
151 359 413
151 379 118
151 429 355
152 14 142
152 75 453
152 86 312
152 190 305
152 304 411
152 345 434
152 346 384
152 386 473
152 413 320
152 499 409
153 27 320
153 81 243
153 97 85
153 111 340
153 125 75
153 203 334
153 210 272
153 237 201
153 298 281
153 341 61
153 342 89
153 344 152
153 405 311
153 480 310
154 176 235
154 224 309
154 228 245
154 261 101
154 271 332
154 349 320
154 355 200
154 482 243
155 21 298
155 34 266
155 70 302
155 172 417
155 202 295
155 298 236
155 367 332
155 382 380
155 384 256
155 486 507
156 223 358
156 375 348
156 392 308
156 451 420
156 463 513
156 467 459
157 127 276
157 170 36
157 216 389
157 247 326
157 291 396
157 320 252
157 352 24
157 463 283
158 205 203
158 258 253
158 323 388
158 357 473
158 440 445
158 442 472
158 459 274
158 495 268
159 44 350
159 50 340
159 76 377
159 103 201
159 146 237
159 162 194
159 171 211
159 196 257
159 286 260
159 297 215
159 311 306
159 319 430
159 328 216
159 385 132
160 20 304
160 31 82
160 87 456
160 104 81
160 214 294
160 225 193
160 239 129
160 283 305
160 328 301
160 373 145
160 378 134
160 430 493
161 45 271
161 69 310
161 102 46
161 115 164
161 119 238
161 206 324
161 238 312
161 246 374
161 356 298
161 386 332
161 454 182
162 4 354
162 72 510
162 80 390
162 157 390
162 189 219
162 276 353
162 328 405
162 330 397
162 385 298
162 390 301
162 397 351
162 415 243
162 461 49
163 32 215
163 116 493
163 204 354
163 205 15
163 207 88
163 255 171
163 284 19
163 309 362
163 313 237
163 348 349
163 366 409
163 391 296
163 399 462
163 455 304
164 235 315
164 240 331
164 284 322
164 381 112
164 402 361
164 493 326
165 56 368
165 136 374
165 147 390
165 212 230
165 220 307
165 253 187
165 315 305
165 345 193
165 402 358
165 444 165
165 493 350
165 495 59
165 500 342
166 62 304
166 121 254
166 180 293
166 188 269
166 220 322
166 302 257
166 351 108
166 476 119
167 33 169
167 67 52
167 107 348
167 111 312
167 191 296
167 363 198
167 435 210
167 496 388
168 17 263
168 74 379
168 83 307
168 135 281
168 136 453
168 137 106
168 173 157
168 231 363
168 274 379
168 286 47
168 311 98
168 348 281
168 362 309
168 374 265
168 381 346
168 423 405
168 498 187
169 40 300
169 81 200
169 83 231
169 168 195
169 301 247
169 320 36
169 324 106
169 433 90
169 438 255
169 450 266
169 476 272
170 59 362
170 64 211
170 70 100
170 82 140
170 90 95
170 287 297
170 295 341
170 339 333
170 368 164
170 373 160
170 445 163
170 490 288
171 1 299
171 58 84
171 63 289
171 82 320
171 379 118
171 380 218
171 382 206
171 387 199
171 411 336
172 11 299
172 53 431
172 66 573
172 133 337
172 173 333
172 242 265
172 398 200
172 444 373
172 455 432
173 55 116
173 68 403
173 92 304
173 182 135
173 226 454
173 273 200
173 311 244
173 330 333
173 379 138
173 444 464
174 41 407
174 79 80
174 219 442
174 301 187
174 352 401
174 389 323
175 52 462
175 170 367
175 203 356
175 244 474
175 296 277
175 384 327
175 438 462
175 445 205
175 459 473
175 465 341
176 84 129
176 152 538
176 243 300
176 266 196
176 345 215
176 451 349
176 485 385
177 45 137
177 220 308
177 245 311
177 273 223
177 298 118
177 333 58
177 377 283
177 399 163
177 442 284
177 479 255
177 499 281
178 169 163
178 267 292
178 283 409
178 325 145
178 460 177
179 11 130
179 117 294
179 130 372
179 153 178
179 220 320
179 277 323
179 291 343
179 344 250
179 351 372
179 453 142
179 458 145
179 495 310
180 46 259
180 49 265
180 160 331
180 219 344
180 245 358
180 284 306
180 325 117
180 361 127
180 368 348
180 386 309
181 73 246
181 161 177
181 170 308
181 284 465
181 370 465
181 407 85
181 488 151
181 493 368
182 17 250
182 84 325
182 127 14
182 168 161
182 193 168
182 209 193
182 307 305
182 352 278
182 436 120
182 448 376
183 44 359
183 79 337
183 155 510
183 289 497
183 337 297
183 430 83
184 34 166
184 37 120
184 103 219
184 109 172
184 133 451
184 227 251
184 234 128
184 236 463
184 244 456
184 245 414
184 250 460
184 334 356
184 396 258
185 32 117
185 49 494
185 61 332
185 116 536
185 182 126
185 256 434
185 264 331
185 319 367
185 325 153
185 326 441
185 333 370
185 454 333
186 115 202
186 118 161
186 131 83
186 168 210
186 187 340
186 193 79
186 293 146
186 314 116
186 370 385
186 399 239
186 420 377
186 499 100
187 72 496
187 102 292
187 134 267
187 140 252
187 200 509
187 209 279
187 315 87
187 393 481
187 444 458
187 450 437
187 462 449
188 16 180
188 37 141
188 52 343
188 135 213
188 235 142
188 267 187
188 343 184
188 397 145
188 409 377
188 414 165
189 218 98
189 291 244
189 300 251
189 316 106
189 380 188
189 399 299
189 460 75
189 467 270
190 10 342
190 41 435
190 45 298
190 195 247
190 214 271
190 266 355
190 297 233
190 345 425
190 354 209
190 367 364
190 433 297
190 467 220
191 49 272
191 85 330
191 148 258
191 201 210
191 263 383
191 269 474
191 404 106
191 424 142
191 427 266
191 428 238
191 436 446
191 447 232
191 448 111
191 500 436
192 17 156
192 34 96
192 124 243
192 127 126
192 203 327
192 295 44
192 400 66
192 424 142
192 441 155
192 475 319
193 12 265
193 33 275
193 62 227
193 130 225
193 168 131
193 295 192
193 330 167
193 414 367
193 464 410
194 11 173
194 151 208
194 156 260
194 211 249
194 236 401
194 295 244
194 329 403
194 343 378
194 486 180
195 21 151
195 101 348
195 143 210
195 248 120
195 271 290
195 276 33
195 278 328
195 343 277
195 374 48
195 415 261
195 438 111
195 450 231
195 470 185
195 475 216
195 489 173
196 26 466
196 38 452
196 123 56
196 135 176
196 137 450
196 145 294
196 396 400
196 398 291
196 423 130
196 428 107
196 453 177
196 479 370
197 33 144
197 43 345
197 52 338
197 60 164
197 85 144
197 140 126
197 149 339
197 183 162
197 217 103
197 283 249
197 297 186
197 313 88
197 354 234
197 455 131
197 472 158
197 479 93
197 482 281
198 51 83
198 98 402
198 146 224
198 149 387
198 245 363
198 260 504
198 264 185
199 26 550
199 83 113
199 97 334
199 109 295
199 192 271
199 331 314
199 357 318
199 373 210
199 430 505
200 32 500
200 57 182
200 59 476
200 121 361
200 143 374
200 185 501
200 243 46
200 253 333
200 279 169
200 346 221
200 428 203
200 434 287
200 494 317
201 4 298
201 76 268
201 91 195
201 102 29
201 203 262
201 212 220
201 216 226
201 219 249
201 227 158
201 235 212
201 236 291
201 246 340
201 266 115
201 305 266
201 327 267
201 378 92
201 414 292
201 459 188
201 482 222
202 78 308
202 109 51
202 120 216
202 124 257
202 153 108
202 155 295
202 183 244
202 206 187
202 285 374
202 407 299
203 92 49
203 338 491
203 344 188
203 438 330
203 483 169
204 178 193
204 401 327
204 416 243
204 434 308
204 499 268
205 18 127
205 29 316
205 43 253
205 44 308
205 126 409
205 171 68
205 184 261
205 191 345
205 230 75
205 414 404
205 432 265
205 488 283
205 491 502
206 65 465
206 215 402
206 324 44
206 361 191
206 412 110
206 463 453
206 499 430
207 25 431
207 68 265
207 112 165
207 118 67
207 200 366
207 233 307
207 236 454
207 271 226
207 316 167
207 330 162
207 469 46
207 492 200
208 11 246
208 33 461
208 78 489
208 206 392
208 471 413
208 475 215
208 488 253
209 22 273
209 46 289
209 48 37
209 137 414
209 159 105
209 176 470
209 192 113
209 259 334
209 302 394
209 360 455
209 365 350
209 434 359
209 466 310
209 471 242
210 20 104
210 58 368
210 61 144
210 142 303
210 190 219
210 192 160
210 226 204
210 282 56
210 332 435
210 349 322
210 420 431
211 72 114
211 116 140
211 122 374
211 160 115
211 251 165
211 252 284
211 265 257
211 312 70
211 393 119
211 438 34
212 94 365
212 176 204
212 202 273
212 216 442
212 244 247
212 379 259
212 449 522
212 455 362
212 458 414
213 15 369
213 36 115
213 136 111
213 254 447
213 327 453
213 332 455
213 351 353
213 379 263
213 395 167
213 480 410
213 486 398
214 11 229
214 43 514
214 74 109
214 96 191
214 129 249
214 136 97
214 212 465
214 223 141
214 255 298
214 287 173
214 339 167
214 428 158
214 462 351
215 17 270
215 62 373
215 170 59
215 194 109
215 225 427
215 239 329
215 372 233
215 434 74
215 455 409
216 3 293
216 4 250
216 95 496
216 177 152
216 230 477
216 335 245
216 426 305
216 448 223
216 457 168
216 478 463
217 3 257
217 5 111
217 9 471
217 85 227
217 159 51
217 207 277
217 265 434
217 373 405
217 384 178
217 442 479
218 107 369
218 169 169
218 191 159
218 209 259
218 240 349
218 245 125
218 266 52
218 269 315
218 271 247
218 279 167
218 320 134
218 327 193
218 387 62
218 390 39
218 448 209
218 457 301
219 40 135
219 49 134
219 52 200
219 105 453
219 156 553
219 165 174
219 185 519
219 344 330
219 433 269
220 149 422
220 255 147
220 372 129
221 320 294
221 382 425
221 426 211
222 63 392
222 84 363
222 146 204
222 173 185
222 189 135
222 191 381
222 221 386
222 269 150
222 364 244
222 432 373
222 442 435
222 452 64
223 57 138
223 63 324
223 113 296
223 160 229
223 207 282
223 218 176
223 249 125
223 252 355
223 269 322
223 312 68
223 426 179
224 3 167
224 11 155
224 53 411
224 59 85
224 195 256
224 218 201
224 334 358
224 468 380
224 475 461
224 491 475
225 72 100
225 114 443
225 158 451
225 165 219
225 306 431
225 389 218
225 447 75
225 452 334
225 500 326
226 27 45
226 48 264
226 263 431
226 437 316
226 463 38
226 482 234
227 4 203
227 13 30
227 52 309
227 99 360
227 118 277
227 188 144
227 209 122
227 292 113
227 335 161
227 401 342
228 56 184
228 153 324
228 158 504
228 193 321
228 260 256
228 311 380
228 340 330
228 457 215
229 2 178
229 63 319
229 260 127
229 326 451
229 337 345
229 422 444
229 474 323
230 46 135
230 66 514
230 102 243
230 117 522
230 129 256
230 165 284
230 209 387
230 239 362
230 300 234
230 306 267
230 371 529
231 69 412
231 94 138
231 98 88
231 123 156
231 156 480
231 321 369
231 361 349
231 362 127
231 392 253
231 450 105
231 451 69
231 467 144
231 469 384
232 7 86
232 88 265
232 102 203
232 191 257
232 210 404
232 220 159
232 256 222
232 268 116
232 401 216
232 428 316
232 478 234
232 489 209
233 10 183
233 43 348
233 96 137
233 132 243
233 137 352
233 140 166
233 141 213
233 167 285
233 209 204
233 218 169
233 278 250
233 402 402
233 491 164
234 100 68
234 128 292
234 139 95
234 440 286
235 41 329
235 49 408
235 141 164
235 185 112
235 295 175
235 323 28
235 350 54
235 397 258
235 400 147
235 427 460
236 116 39
236 174 451
236 193 340
236 209 339
236 232 466
236 249 254
236 293 238
236 298 269
236 376 81
237 169 147
237 215 300
237 288 255
237 365 235
237 404 111
237 463 166
237 498 86
237 500 253
238 12 472
238 19 295
238 50 285
238 89 188
238 92 254
238 158 245
238 172 280
238 228 480
238 318 383
238 391 327
238 406 46
238 415 302
238 434 236
238 454 271
239 47 141
239 48 168
239 82 247
239 123 135
239 141 201
239 149 108
239 160 129
239 241 145
239 321 312
239 375 216
239 466 191
240 14 101
240 63 499
240 88 260
240 160 366
240 163 446
240 199 317
240 204 162
240 283 463
240 319 522
240 412 248
240 420 414
241 32 358
241 98 149
241 112 438
241 140 244
241 190 228
241 220 414
241 261 326
241 282 70
241 306 469
241 358 313
241 397 132
241 399 82
241 403 456
241 421 139
241 441 325
242 16 236
242 64 227
242 103 28
242 163 211
242 214 252
242 262 131
242 271 167
242 303 136
242 338 224
242 345 162
242 383 111
242 466 142
242 482 233
243 43 341
243 48 266
243 132 267
243 139 343
243 195 149
243 211 88
243 293 143
243 327 299
243 358 116
243 474 251
244 122 437
244 127 346
244 382 423
244 385 344
245 21 64
245 81 384
245 88 203
245 116 295
245 134 232
245 157 48
245 185 376
245 239 230
245 263 305
245 363 338
245 477 411
246 7 444
246 21 566
246 58 397
246 105 400
246 151 417
246 158 600
246 209 156
246 235 302
246 245 534
246 254 462
246 305 604
246 336 464
246 397 92
246 447 340
246 492 376
247 2 177
247 4 233
247 10 95
247 18 72
247 56 222
247 132 253
247 135 262
247 322 309
247 428 204
247 473 216
248 69 178
248 94 313
248 139 370
248 246 536
248 280 135
248 342 435
248 360 109
248 444 252
249 18 325
249 32 347
249 186 276
249 199 232
249 332 485
249 369 17
249 374 287
249 395 165
249 465 234
249 492 246
250 68 88
250 99 207
250 135 156
250 257 265
250 318 350
250 450 305
250 475 177
250 476 154
251 25 19
251 35 251
251 123 67
251 134 207
251 371 215
251 433 189
251 453 158
252 291 475
252 340 197
252 352 87
252 367 255
252 372 311
252 395 591
252 480 95
253 5 216
253 6 407
253 38 106
253 63 204
253 64 110
253 237 216
253 318 320
253 387 171
253 412 206
253 482 378
254 50 388
254 70 446
254 102 348
254 103 297
254 111 508
254 120 448
254 127 191
254 175 25
254 208 536
254 316 360
254 336 653
254 385 365
254 423 439
254 483 310
255 125 72
255 171 107
255 307 295
255 424 237
255 465 195
256 61 458
256 93 389
256 106 446
256 159 446
256 215 182
256 274 502
256 275 117
256 372 304
256 403 282
256 475 261
257 4 240
257 50 201
257 75 255
257 79 217
257 266 181
257 299 135
257 303 211
257 320 110
257 326 400
257 475 266
258 12 292
258 29 193
258 105 123
258 427 359
258 431 271
258 448 301
259 86 214
259 157 245
259 267 145
259 383 97
260 301 419
260 418 376
260 436 601
260 446 489
261 11 276
261 20 352
261 171 325
261 172 215
261 208 313
261 253 258
261 259 371
261 268 359
261 280 203
261 285 223
261 360 180
261 385 319
261 394 194
261 436 458
261 463 150
262 18 183
262 57 198
262 99 348
262 116 324
262 235 171
262 240 147
262 303 251
262 313 132
262 369 139
262 378 193
262 406 316
263 74 407
263 182 171
263 338 397
263 432 296
263 485 303
264 52 432
264 116 365
264 146 255
264 154 320
264 208 212
264 283 413
264 372 247
264 379 212
264 393 266
264 409 466
264 433 168
264 474 444
264 482 152
264 484 59
265 49 364
265 106 414
265 115 360
265 185 395
265 242 249
265 245 33
265 272 187
265 283 111
265 284 315
265 363 369
265 420 453
265 422 122
265 478 388
266 12 288
266 124 314
266 141 89
266 198 246
266 213 314
266 214 361
266 216 330
266 272 168
266 281 220
266 318 287
266 326 234
266 392 21
266 412 212
267 213 288
267 242 85
267 251 327
267 331 278
267 346 100
267 380 241
267 444 281
268 129 232
268 218 203
268 243 411
268 378 307
268 497 437
269 126 514
269 158 378
269 188 233
269 222 150
269 271 107
269 274 272
269 291 55
269 361 292
269 435 73
269 476 385
269 492 337
270 309 346
270 353 375
270 404 137
270 418 73
270 424 124
270 472 101
270 499 88
271 93 176
271 121 88
271 187 100
271 221 396
271 230 262
271 240 279
271 246 287
271 284 190
271 360 417
271 390 223
271 391 284
271 427 446
272 64 339
272 285 209
272 303 246
272 321 340
272 329 201
272 378 52
272 443 257
272 500 356
273 46 296
273 70 442
273 108 143
273 396 255
273 409 495
273 415 130
274 41 466
274 47 282
274 113 388
274 144 432
274 150 298
274 152 164
274 385 143
274 404 358
274 496 281
275 55 287
275 194 186
275 243 126
275 254 456
275 330 196
275 410 315
276 23 125
276 172 178
276 210 252
276 254 384
276 340 72
276 356 334
276 378 100
277 35 413
277 42 180
277 73 258
277 93 316
277 111 81
277 165 174
277 224 436
277 323 479
277 406 533
277 411 92
277 470 38
278 64 433
278 200 391
278 230 455
278 270 395
278 289 416
278 483 341
279 4 273
279 29 199
279 76 150
279 82 274
279 118 246
279 276 162
279 294 133
279 296 155
279 299 118
279 358 201
279 403 367
279 473 272
280 56 578
280 80 105
280 83 324
280 86 259
280 131 157
280 154 264
280 325 425
280 336 440
280 479 370
281 10 225
281 168 145
281 229 452
281 253 175
281 326 411
281 341 96
281 395 394
281 420 95
281 421 262
282 320 175
282 413 212
282 438 174
282 481 47
282 491 262
283 15 24
283 134 222
283 143 162
283 240 463
283 330 70
283 428 280
284 20 349
284 39 158
284 108 112
284 163 19
284 202 250
284 209 342
284 210 415
284 258 170
284 314 167
284 397 414
284 448 443
284 453 475
284 481 329
285 36 237
285 42 259
285 74 400
285 301 416
285 401 311
285 427 91
285 462 218
286 5 150
286 40 429
286 56 404
286 113 58
286 139 231
286 204 324
286 254 175
286 263 61
286 366 377
286 436 143
287 80 259
287 82 289
287 112 311
287 140 110
287 171 220
287 273 258
287 319 314
287 351 256
287 390 105
287 431 291
287 486 310
288 110 33
288 193 141
288 210 372
288 276 206
288 310 280
288 377 63
288 387 224
288 413 275
289 49 181
289 57 205
289 80 261
289 95 360
289 410 421
289 419 565
289 425 312
289 444 136
290 124 264
290 127 134
290 175 288
290 182 126
290 218 195
290 230 313
290 268 263
290 448 320
290 452 146
291 43 417
291 56 396
291 110 174
291 118 223
291 136 438
291 152 464
291 236 605
291 438 468
291 470 548
291 483 300
292 44 186
292 121 313
292 181 134
292 266 287
292 303 348
292 340 270
292 390 211
292 410 324
292 422 436
293 102 198
293 126 81
293 217 452
293 228 345
293 237 224
293 280 201
293 299 126
293 388 399
293 455 409
294 10 232
294 86 279
294 165 263
294 252 434
294 280 491
294 302 213
294 339 110
294 471 425
295 2 91
295 64 310
295 66 207
295 90 286
295 113 277
295 134 79
295 185 272
295 203 370
295 217 157
295 258 134
295 337 120
295 422 412
295 424 171
295 464 218
296 15 156
296 54 190
296 178 243
296 218 73
297 24 307
297 64 323
297 89 238
297 130 236
297 149 166
297 198 226
297 202 104
297 258 150
297 275 162
298 48 104
298 67 345
298 68 306
298 124 191
298 135 238
298 163 435
298 204 107
298 223 131
298 248 405
298 301 92
298 316 288
298 349 334
298 384 147
298 414 155
298 430 400
298 447 180
299 170 199
299 204 173
299 213 246
299 219 169
299 263 327
299 295 199
299 296 125
299 297 111
299 301 348
299 307 248
299 315 295
299 373 87
299 383 202
299 393 209
299 454 163
300 74 469
300 103 234
300 129 232
300 146 220
300 191 131
300 193 172
300 235 398
300 260 388
300 373 125
300 441 223
301 48 129
301 58 375
301 139 197
301 278 40
301 305 549
301 408 111
301 442 376
301 455 142
302 32 580
302 58 554
302 99 424
302 125 449
302 411 174
302 448 140
302 488 258
303 26 218
303 92 150
303 106 207
303 193 95
303 244 266
303 288 46
304 9 527
304 33 11
304 44 396
304 115 365
304 306 454
304 309 303
304 313 140
304 321 87
304 325 133
304 360 422
304 368 431
304 417 357
304 434 314
304 468 455
305 26 405
305 141 243
305 334 351
305 363 393
305 408 543
306 79 554
306 162 478
306 197 387
306 325 426
306 341 457
306 422 93
306 441 271
306 448 270
306 459 201
307 25 31
307 99 423
307 103 257
307 203 476
307 281 397
307 364 53
307 376 226
307 379 308
307 399 84
308 31 453
308 56 279
308 64 201
308 124 412
308 165 317
308 253 211
308 287 239
308 317 445
308 356 119
309 4 97
309 187 299
309 232 400
309 271 200
309 278 50
309 288 340
309 319 450
309 328 95
309 365 371
309 369 94
310 4 338
310 5 337
310 26 413
310 49 165
310 94 147
310 115 152
310 137 293
310 146 75
310 184 317
310 188 206
310 202 171
310 293 153
310 314 176
310 323 334
310 347 208
310 360 265
310 450 168
310 496 187
310 497 140
311 54 228
311 123 321
311 150 223
311 179 307
311 192 205
311 193 60
311 250 218
311 322 87
311 423 382
311 455 310
311 457 374
312 55 278
312 149 158
312 160 175
312 170 343
312 374 167
312 388 383
312 389 167
312 499 243
313 43 433
313 46 257
313 47 349
313 78 353
313 118 205
313 193 255
313 210 271
313 394 383
313 400 111
313 479 146
314 23 208
314 227 257
314 274 324
314 305 195
314 358 245
314 452 187
315 15 281
315 121 74
315 175 146
315 207 201
315 245 350
315 282 247
315 323 48
315 353 220
315 372 102
315 391 279
315 396 160
315 464 325
316 20 231
316 131 91
316 154 98
316 159 267
316 221 183
317 6 194
317 33 519
317 65 437
317 82 300
317 196 154
317 205 470
317 271 427
317 309 295
318 2 123
318 17 199
318 24 295
318 194 315
318 266 287
318 280 467
318 344 266
318 356 202
318 377 334
318 416 293
318 478 354
318 494 385
319 4 546
319 36 340
319 51 316
319 345 149
319 351 226
319 380 433
319 383 224
320 13 207
320 40 293
320 63 298
320 140 74
320 166 222
320 292 271
320 321 123
320 333 196
320 409 320
320 447 268
320 448 311
321 5 51
321 30 194
321 35 117
321 50 315
321 74 232
321 85 166
321 359 357
322 7 141
322 64 234
322 96 251
322 131 47
322 168 180
322 205 237
322 355 359
322 375 27
322 452 323
323 107 214
323 132 309
323 203 394
323 217 55
323 327 446
323 329 481
323 499 400
324 39 100
324 41 367
324 57 281
324 75 383
324 109 158
324 163 232
324 179 173
324 226 397
324 244 441
324 250 449
324 260 523
324 380 72
324 408 161
324 440 403
325 5 96
325 20 167
325 124 356
325 184 77
325 202 100
325 314 183
325 363 78
326 10 460
326 99 141
326 184 531
326 202 419
326 272 310
326 412 443
326 435 525
327 67 320
327 128 238
327 159 457
327 198 417
327 287 327
327 457 384
328 47 125
328 50 368
328 166 327
328 379 294
328 427 238
328 428 155
328 442 286
328 475 314
329 117 6
329 261 258
329 428 199
329 468 91
330 2 297
330 144 193
330 234 438
330 237 293
330 284 262
330 491 415
331 79 83
331 119 464
331 248 407
331 326 546
331 363 98
331 451 194
331 488 297
332 59 361
332 85 212
332 110 214
332 163 221
332 226 323
332 237 307
332 253 138
332 273 437
332 345 123
332 391 252
332 445 149
333 147 376
333 148 308
333 171 297
333 198 237
333 233 125
333 264 124
333 373 297
334 34 207
334 83 48
334 128 316
334 193 225
334 361 351
334 425 182
334 472 283
334 480 307
334 494 325
335 116 349
335 156 258
335 296 123
335 417 263
335 421 98
335 500 118
336 8 456
336 33 589
336 58 542
336 78 512
336 158 492
336 171 473
336 199 78
336 238 576
336 326 478
336 331 382
336 353 405
336 362 264
336 420 627
336 439 336
336 441 431
336 472 419
336 485 340
337 4 118
337 141 232
337 375 374
337 379 148
337 389 315
337 421 178
337 426 257
337 464 167
338 57 288
338 65 517
338 90 410
338 122 286
338 124 296
338 126 409
338 208 224
338 262 93
338 278 34
338 301 72
338 303 337
338 391 293
338 400 105
338 418 453
338 462 402
339 2 103
339 10 190
339 13 114
339 16 144
339 43 375
339 74 222
339 309 204
339 322 272
339 332 371
340 180 242
340 241 301
340 275 143
340 306 218
340 311 51
340 345 84
340 467 302
341 55 100
341 180 174
341 201 225
341 233 335
341 244 434
341 257 231
341 326 478
341 353 222
341 372 132
341 381 369
342 20 202
342 62 107
342 98 438
342 196 328
342 299 343
342 369 290
342 388 234
342 454 388
343 40 141
343 71 425
343 126 313
343 142 355
343 257 167
343 335 204
343 421 160
343 464 156
343 476 404
344 68 208
344 82 247
344 142 270
344 172 191
344 206 254
344 241 311
344 271 191
344 331 283
344 376 314
344 401 226
344 405 357
344 416 122
344 439 72
344 459 233
344 492 129
345 8 7
345 86 136
345 108 207
345 175 247
345 385 287
345 445 56
345 472 43
346 4 420
346 92 105
346 149 199
346 189 140
346 225 283
346 344 108
346 436 319
346 483 62
347 13 94
347 27 240
347 52 361
347 103 287
347 151 463
347 210 69
347 363 248
347 376 199
347 477 129
347 489 299
348 87 456
348 94 306
348 104 241
348 182 345
348 212 248
348 254 491
348 313 423
348 431 76
348 437 420
348 491 258
349 42 319
349 77 277
349 87 127
349 133 435
349 149 394
349 253 174
349 263 145
349 266 206
349 348 375
349 358 398
349 409 400
350 16 331
350 139 118
350 176 395
350 218 212
350 361 261
350 378 275
350 417 282
350 468 370
350 484 189
351 15 229
351 76 251
351 215 291
351 248 113
351 280 235
351 299 141
351 383 327
351 405 383
351 454 209
352 23 211
352 29 376
352 160 247
352 217 384
352 219 279
352 236 355
352 237 224
352 251 391
352 334 263
352 421 256
352 486 290
352 488 130
353 42 369
353 66 91
353 145 288
353 151 325
353 231 282
353 263 394
353 294 230
353 303 333
353 367 272
353 394 307
353 427 339
353 461 270
354 2 92
354 28 207
354 61 159
354 91 159
354 93 115
354 273 297
354 289 242
354 356 264
354 415 169
354 500 283
355 69 503
355 127 379
355 251 107
355 261 273
355 265 380
355 278 266
355 376 128
355 390 266
355 407 95
355 426 328
355 443 134
356 91 401
356 130 476
356 207 307
356 237 251
356 285 512
356 353 134
356 367 238
356 449 229
356 454 406
357 196 163
357 224 272
357 234 22
357 236 351
357 249 117
357 282 101
357 327 478
357 340 297
357 430 305
358 51 326
358 92 223
358 96 271
358 162 493
358 208 296
358 286 358
358 309 380
358 323 452
358 332 260
358 416 144
358 430 468
358 431 139
359 43 354
359 45 230
359 66 343
359 71 443
359 103 204
359 125 282
359 144 161
359 252 299
359 254 497
359 268 383
359 269 442
359 413 106
359 463 60
359 473 300
360 172 57
360 200 293
360 245 85
360 262 416
360 327 11
360 392 154
360 402 382
360 455 457
360 460 332
360 461 411
361 24 236
361 85 370
361 88 298
361 282 189
361 308 239
361 394 373
361 430 311
361 476 472
362 29 140
362 44 201
362 59 296
362 73 121
362 95 417
362 139 171
362 211 99
362 396 309
362 453 208
362 481 22
363 25 229
363 164 240
363 170 357
363 289 377
363 326 469
363 372 133
363 384 74
363 410 73
363 412 67
363 442 375
363 464 220
364 33 389
364 63 361
364 69 478
364 130 294
364 156 433
364 316 213
364 447 100
364 460 169
364 476 335
365 31 289
365 54 261
365 167 121
365 202 243
365 366 270
365 429 446
365 460 220
365 463 324
365 481 284
365 492 178
366 107 497
366 125 336
366 150 446
366 182 379
366 322 180
366 478 476
366 495 61
367 95 271
367 163 157
367 282 218
367 314 35
367 327 246
367 350 135
367 351 282
367 429 323
367 461 190
368 47 309
368 207 257
368 403 302
368 443 357
368 493 425
369 155 237
369 202 192
369 220 420
369 246 160
369 294 119
369 338 123
369 448 322
369 484 145
370 39 275
370 61 94
370 70 512
370 120 419
370 137 528
370 285 491
370 296 318
370 344 374
370 376 430
370 394 380
370 448 468
370 498 358
371 8 445
371 186 270
371 224 487
371 290 353
371 318 283
371 357 361
371 364 213
372 17 206
372 57 162
372 121 30
372 162 181
372 179 202
372 231 288
372 247 93
372 259 134
372 272 236
372 293 313
372 300 279
372 304 158
372 317 363
372 339 260
372 407 364
372 427 387
372 433 124
372 495 268
373 1 405
373 91 153
373 110 289
373 232 234
373 273 433
373 286 299
373 288 282
373 319 159
373 379 351
373 408 462
373 455 369
373 485 269
373 493 414
374 49 208
374 78 281
374 84 85
374 91 108
374 108 357
374 126 100
374 154 24
374 183 359
374 358 84
374 385 234
374 428 152
374 448 102
374 472 194
374 487 93
375 125 199
375 174 370
375 235 315
375 266 65
375 269 363
375 270 13
375 340 80
375 342 361
375 392 44
375 440 308
375 441 144
375 444 272
375 477 379
375 482 362
375 484 339
376 6 242
376 11 275
376 26 541
376 27 97
376 32 486
376 46 311
376 61 339
376 71 513
376 189 303
376 261 156
376 322 270
376 334 72
376 355 128
377 10 259
377 152 433
377 153 199
377 176 226
377 219 374
377 289 364
377 300 183
377 385 285
377 417 162
378 80 204
378 108 326
378 213 194
378 216 172
378 306 287
378 353 267
378 495 108
379 70 354
379 79 189
379 82 406
379 136 295
379 175 162
379 190 459
379 252 404
379 303 170
379 338 208
379 395 297
379 414 241
379 449 312
380 40 323
380 85 258
380 186 285
380 334 316
380 480 396
381 83 41
381 189 237
381 193 217
381 278 275
381 323 376
381 416 205
382 9 424
382 33 193
382 34 122
382 89 89
382 173 237
382 233 267
382 266 278
382 270 324
382 300 424
382 362 187
382 466 308
383 7 49
383 85 65
383 187 186
383 192 156
383 242 111
383 399 361
383 423 332
383 424 188
384 24 244
384 269 282
384 287 57
384 295 22
384 309 102
384 382 127
384 462 266
385 116 288
385 120 233
385 224 235
385 278 121
385 369 121
385 425 39
385 479 245
386 3 243
386 69 377
386 76 544
386 94 387
386 147 95
386 196 457
386 316 294
386 321 162
386 363 269
386 366 471
386 407 531
387 190 250
387 203 247
387 219 201
387 356 295
387 459 131
388 77 315
388 79 362
388 169 204
388 215 210
388 330 261
388 366 426
388 375 249
388 392 213
388 406 66
388 422 283
388 485 284
389 9 197
389 26 381
389 41 195
389 130 149
389 170 178
389 241 251
390 91 193
390 257 100
390 268 213
390 359 170
390 385 167
390 435 291
390 485 134
391 48 204
391 136 330
391 160 146
391 189 151
391 190 225
391 213 222
391 349 273
391 364 173
391 399 203
391 420 394
391 436 347
392 21 160
392 30 215
392 72 318
392 159 305
392 308 260
392 367 95
392 377 90
392 457 341
392 470 284
393 120 212
393 228 100
393 255 361
393 451 107
394 8 362
394 47 115
394 95 419
394 119 363
394 156 513
394 157 317
394 169 304
394 217 395
394 262 260
394 268 431
394 299 159
394 366 168
394 484 296
395 8 474
395 114 404
395 174 192
395 257 270
395 293 517
395 374 426
395 419 477
395 427 383
395 439 387
396 158 194
396 200 409
396 279 321
396 316 203
396 466 190
396 485 249
397 104 337
397 106 275
397 120 345
397 124 269
397 174 164
397 175 408
397 182 265
397 267 327
397 339 232
397 353 46
397 370 88
397 371 359
397 405 108
397 432 481
397 472 360
397 494 462
398 98 342
398 100 315
398 149 263
398 218 70
398 263 183
398 309 265
398 337 261
398 486 178
398 489 82
399 29 238
399 52 319
399 162 476
399 212 442
399 265 382
400 75 334
400 99 337
400 114 258
400 177 76
400 220 260
400 236 351
400 296 144
400 362 120
400 447 243
400 480 347
400 485 50
401 15 136
401 102 204
401 136 507
401 176 80
401 226 195
401 399 358
401 438 217
401 487 199
401 499 59
402 90 350
402 118 165
402 198 170
402 205 96
402 230 162
402 272 392
402 286 109
402 333 386
402 374 385
402 383 154
402 435 156
402 453 452
402 472 200
403 26 233
403 34 382
403 109 238
403 132 149
403 135 329
403 174 360
403 408 457
404 44 42
404 219 140
404 238 362
404 241 230
404 355 204
404 377 235
404 453 369
404 465 91
405 17 259
405 108 401
405 122 408
405 369 30
405 402 463
405 429 173
405 459 349
406 4 429
406 16 463
406 18 133
406 74 389
406 102 296
406 134 293
406 166 383
406 167 143
406 212 211
406 221 368
406 391 359
406 420 99
407 42 216
407 81 257
407 85 447
407 97 347
407 194 361
407 284 497
407 295 284
407 335 331
407 340 308
407 435 501
407 445 443
408 43 552
408 211 335
408 255 217
408 275 428
408 286 373
408 373 462
408 450 286
408 453 134
408 467 239
408 500 165
409 86 212
409 195 156
409 266 196
409 320 320
409 344 253
409 424 185
410 186 243
410 202 95
410 264 176
410 269 146
410 292 324
410 362 200
410 378 250
410 428 210
410 442 434
410 475 429
411 161 139
411 182 353
411 226 53
411 241 273
411 310 109
411 336 178
411 371 177
411 378 122
411 379 384
411 455 371
411 463 86
412 24 122
412 224 110
412 237 181
412 243 345
412 286 183
412 467 261
412 477 221
413 15 173
413 123 225
413 172 235
413 185 382
413 198 315
413 278 335
413 347 252
413 367 175
413 424 49
413 472 193
414 7 388
414 32 247
414 91 390
414 113 429
414 156 379
414 157 496
414 238 412
414 254 402
414 421 229
414 443 195
414 448 449
414 473 413
414 489 264
414 500 198
415 173 273
415 300 412
415 350 169
415 477 129
416 144 101
416 190 304
416 207 162
416 219 241
416 268 230
416 303 155
416 307 325
416 336 325
416 355 310
416 446 183
417 16 335
417 176 153
417 189 170
417 238 305
417 306 162
417 415 310
417 450 290
418 4 513
418 9 279
418 65 92
418 116 327
418 136 504
418 489 262
419 17 410
419 77 395
419 128 197
419 365 269
419 409 477
419 431 430
419 448 528
420 161 375
420 462 485
421 6 182
421 24 268
421 38 312
421 55 191
421 138 215
421 193 158
421 196 141
421 200 244
421 250 273
421 261 257
421 279 84
421 283 263
421 306 361
421 390 108
422 7 206
422 129 296
422 236 478
422 409 197
422 417 196
422 421 376
422 463 385
422 485 397
423 118 332
423 149 324
423 220 396
423 295 136
423 427 288
423 469 412
423 472 354
423 489 244
424 30 309
424 35 274
424 124 187
424 201 75
424 253 187
424 256 188
424 392 124
424 419 383
424 445 248
424 469 258
424 471 302
424 485 155
425 3 230
425 139 144
425 154 225
425 174 180
425 206 254
425 293 335
425 333 34
425 357 80
425 370 181
425 377 320
425 398 234
426 19 220
426 68 191
426 74 284
426 195 124
426 213 271
426 342 236
426 425 227
426 500 223
427 11 310
427 78 496
427 110 457
427 191 266
427 336 68
427 347 144
427 476 366
428 48 109
428 53 142
428 56 222
428 128 251
428 185 347
428 191 238
428 204 44
428 384 79
428 407 185
428 473 258
428 496 138
429 33 322
429 57 338
429 129 298
429 142 484
429 189 296
429 212 471
429 274 44
429 383 346
430 40 475
430 120 388
430 155 518
430 230 210
430 238 108
430 244 448
430 271 112
430 281 48
430 297 325
430 355 495
430 357 305
430 369 401
430 377 221
430 437 350
430 456 244
430 469 169
431 9 256
431 23 229
431 41 140
431 46 188
431 55 325
431 92 108
431 127 333
431 299 169
431 344 219
432 33 407
432 42 128
432 138 114
432 145 197
432 165 159
432 288 233
432 308 372
432 315 365
432 436 390
432 440 352
432 487 206
433 37 171
433 101 249
433 132 210
433 232 271
433 255 144
433 281 235
433 309 139
433 336 324
433 474 276
434 35 357
434 48 333
434 111 242
434 154 195
434 206 369
434 236 391
434 275 161
434 299 165
434 345 78
435 68 422
435 76 487
435 122 86
435 143 199
435 151 138
435 215 392
435 259 219
435 305 447
435 498 308
436 14 295
436 78 276
436 90 370
436 115 372
436 176 447
436 194 245
436 304 13
436 314 226
436 315 94
436 345 231
436 358 468
436 424 340
436 488 363
436 492 316
437 35 142
437 46 346
437 75 425
437 77 274
437 102 259
437 127 265
437 152 72
437 178 105
437 216 178
437 233 220
437 378 249
437 454 429
437 494 444
438 17 63
438 156 455
438 172 312
438 181 97
438 331 270
438 354 127
438 371 153
438 389 115
438 391 84
438 402 424
438 414 355
438 453 328
439 2 112
439 24 288
439 56 335
439 102 37
439 208 288
439 215 189
439 228 293
439 239 153
439 408 343
439 445 171
439 471 241
439 493 335
439 495 152
440 32 465
440 45 228
440 66 352
440 123 174
440 145 315
440 146 214
440 227 149
440 279 118
440 301 301
440 311 339
440 337 349
440 347 127
440 468 40
440 494 387
441 63 239
441 76 391
441 80 178
441 246 412
441 299 187
441 307 337
441 337 269
441 363 193
442 17 205
442 171 449
442 378 202
442 389 252
442 393 115
442 410 434
442 446 452
442 472 395
443 26 473
443 46 363
443 97 223
443 98 163
443 113 432
443 301 129
443 331 140
444 142 190
444 204 136
444 301 292
444 317 59
444 329 89
444 407 66
444 413 138
444 488 160
445 13 382
445 27 314
445 48 336
445 93 328
445 179 345
445 206 291
445 259 71
445 382 301
445 432 206
445 446 63
445 456 188
445 460 227
446 63 266
446 73 161
446 145 82
446 147 184
446 148 40
446 193 120
446 205 54
446 246 434
446 270 167
446 272 269
446 306 289
446 356 258
446 379 152
446 488 230
447 30 452
447 75 305
447 136 269
447 167 349
447 173 461
447 200 137
447 243 92
447 262 225
447 304 448
447 313 352
447 353 268
447 391 150
447 438 77
448 77 138
448 78 374
448 230 410
448 340 245
448 357 367
448 432 240
448 436 489
448 449 433
448 459 75
448 492 173
449 10 209
449 73 318
449 223 220
449 315 324
449 378 330
449 435 326
449 477 99
450 19 449
450 43 454
450 49 69
450 132 344
450 163 442
450 251 49
450 366 272
450 389 234
450 467 48
451 23 73
451 31 215
451 43 364
451 55 275
451 112 332
451 135 81
451 241 111
451 351 223
451 488 138
452 12 392
452 95 408
452 207 201
452 210 306
452 261 405
452 349 38
452 388 162
453 6 136
453 57 346
453 80 501
453 90 471
453 172 563
453 198 283
453 215 551
453 226 373
453 236 363
453 247 274
453 277 396
453 316 366
453 318 139
453 355 264
453 395 59
453 398 376
453 479 389
454 2 244
454 28 380
454 67 242
454 73 197
454 179 367
454 214 435
454 234 389
454 238 271
454 271 339
454 325 318
455 251 217
455 272 300
455 310 262
455 375 343
455 395 164
455 444 296
455 458 81
456 9 284
456 65 274
456 89 182
456 207 160
456 226 212
456 282 168
457 6 243
457 23 159
457 39 425
457 50 305
457 228 215
457 284 530
457 432 361
458 43 517
458 135 349
458 143 281
458 180 120
458 182 193
458 276 366
458 306 552
458 326 587
458 327 524
458 369 221
458 373 447
458 375 413
458 427 434
458 435 147
458 453 188
458 469 349
458 485 181
459 20 320
459 22 286
459 64 359
459 71 458
459 149 89
459 206 449
459 265 145
459 331 364
459 380 388
459 386 427
460 101 213
460 116 311
460 180 100
460 203 311
460 234 136
460 235 154
460 262 88
460 302 375
460 397 203
461 143 134
461 250 451
461 355 460
461 362 302
461 442 527
461 463 447
462 24 451
462 53 236
462 74 382
462 106 420
462 328 353
462 385 290
462 387 132
462 401 100
462 419 466
462 432 156
463 46 293
463 116 61
463 195 158
463 198 387
463 221 297
463 256 238
463 356 412
464 30 497
464 69 657
464 97 231
464 287 268
464 313 260
464 314 411
464 361 106
464 460 279
464 470 389
465 16 231
465 22 170
465 55 188
465 120 99
465 125 150
465 169 148
465 299 68
465 344 121
465 349 225
465 389 63
465 408 314
465 428 95
465 497 209
466 94 261
466 112 119
466 242 142
466 259 219
466 350 245
466 355 324
466 363 262
466 472 94
467 66 204
467 96 166
467 126 277
467 128 357
467 205 416
467 291 462
467 304 408
467 326 523
467 358 309
467 375 347
467 383 333
467 420 449
467 437 120
467 485 157
468 36 99
468 118 318
468 181 103
468 264 289
468 316 198
468 346 238
468 413 134
468 448 116
469 95 244
469 201 213
469 228 447
469 240 444
469 261 336
469 273 281
469 299 266
469 339 365
469 486 86
469 497 417
470 38 460
470 126 100
470 197 363
470 241 206
470 275 164
470 319 347
470 336 88
470 397 333
471 20 257
471 48 249
471 91 423
471 110 129
471 314 202
471 387 283
471 443 378
471 499 376
472 17 190
472 23 232
472 30 152
472 52 216
472 71 240
472 89 212
472 103 92
472 171 86
472 245 164
472 250 255
472 253 28
472 265 185
472 281 174
472 295 219
472 318 292
472 474 166
473 107 408
473 109 159
473 216 382
473 319 155
473 344 59
473 391 194
473 434 81
473 464 466
474 90 45
474 152 468
474 408 500
475 5 510
475 11 323
475 17 181
475 170 359
475 215 411
475 247 422
475 289 56
475 343 284
475 386 548
475 421 271
475 496 198
476 24 389
476 129 178
476 140 169
476 155 339
476 210 352
476 218 112
476 312 293
476 384 287
476 417 71
477 98 228
477 106 296
477 115 94
477 178 136
477 218 300
477 365 403
477 388 418
477 399 161
477 413 290
477 460 189
478 29 288
478 41 293
478 90 356
478 109 212
478 178 290
478 205 112
478 324 163
478 371 567
478 410 160
478 437 368
478 443 440
479 73 192
479 137 234
479 205 87
479 253 151
479 256 369
479 311 195
479 347 414
479 387 248
479 400 200
479 415 213
479 442 492
480 78 118
480 88 240
480 98 403
480 107 502
480 125 235
480 154 209
480 288 189
480 346 98
480 350 298
480 437 447
480 469 188
480 479 278
481 8 277
481 40 161
481 73 107
481 84 267
481 247 173
481 260 304
481 376 215
481 390 137
481 404 166
482 58 394
482 204 89
482 213 50
482 215 466
482 335 206
482 378 196
482 428 127
482 450 61
482 478 430
483 2 153
483 73 94
483 104 317
483 246 427
483 256 191
483 292 275
483 342 280
483 426 44
483 443 335
484 18 190
484 68 317
484 72 297
484 81 111
484 108 234
484 171 242
484 192 111
484 205 306
484 225 201
484 277 366
484 335 73
484 387 233
484 389 273
484 464 165
484 485 89
485 80 294
485 113 264
485 125 143
485 158 362
485 169 86
485 223 56
485 376 267
485 388 284
485 415 80
485 450 181
485 477 141
486 5 114
486 70 339
486 211 379
486 317 503
486 346 265
486 457 536
486 490 151
487 10 161
487 60 308
487 158 264
487 177 143
487 306 267
487 335 166
487 448 184
487 453 328
487 459 147
488 21 142
488 69 274
488 96 167
488 159 313
488 232 229
488 234 287
488 336 254
488 341 330
488 348 111
489 22 102
489 181 326
489 237 134
489 292 274
489 344 93
489 407 337
489 419 241
489 447 271
489 480 247
490 50 237
490 112 303
490 131 257
490 191 331
490 200 369
490 295 132
490 301 284
490 315 63
490 356 144
490 409 358
491 108 519
491 202 335
491 232 457
491 250 227
491 291 604
491 314 367
491 328 284
491 384 298
491 405 270
491 444 101
491 458 472
491 471 512
492 12 180
492 127 198
492 162 338
492 165 62
492 173 313
492 295 156
492 302 288
492 490 185
493 8 440
493 19 544
493 67 365
493 140 305
493 157 479
493 164 326
493 252 526
493 355 223
493 474 479
493 478 424
494 7 114
494 23 273
494 97 325
494 163 195
494 182 261
494 228 444
494 344 139
494 355 424
494 394 359
494 464 538
495 13 270
495 30 371
495 78 292
495 133 116
495 184 401
495 232 265
495 268 335
495 314 203
495 337 386
495 398 207
495 401 113
495 403 322
496 33 468
496 39 340
496 70 358
496 74 207
496 77 213
496 89 365
496 99 421
496 131 325
496 140 274
496 160 198
496 161 217
496 181 210
496 323 396
496 419 536
496 431 395
496 458 331
496 468 110
496 491 162
497 21 198
497 59 482
497 63 234
497 74 373
497 77 157
497 100 390
497 146 213
497 240 382
497 244 175
497 286 419
497 288 404
497 334 107
497 382 409
497 396 417
497 402 507
497 474 250
497 492 193
498 138 108
498 289 232
498 346 78
498 430 294
498 436 294
499 22 242
499 23 151
499 37 335
499 49 283
499 75 78
499 188 311
499 322 79
499 483 146
500 33 124
500 182 104
500 245 401
500 281 145
500 400 132
500 469 251
