500 4868 10 
1 13 4
1 14 4
1 23 4
1 28 0
1 39 4
1 66 2
2 4 4
2 40 3
2 69 4
2 83 2
2 86 5
2 105 3
2 106 2
2 108 0
2 125 5
3 27 3
3 30 3
3 57 0
3 103 3
3 110 5
3 112 0
3 113 3
3 114 3
3 115 1
3 128 5
4 42 4
4 54 4
4 72 1
4 73 3
4 89 5
4 92 2
4 100 3
4 119 4
5 26 1
5 69 3
5 90 2
5 107 1
5 114 3
6 7 4
6 11 2
6 14 2
6 30 0
6 33 3
6 57 2
6 84 2
6 87 3
6 89 2
6 90 2
6 104 5
6 107 5
6 125 5
7 10 5
7 20 5
7 29 5
7 35 4
7 98 4
7 120 4
7 121 5
7 132 1
8 17 3
8 22 0
8 24 2
8 61 2
8 65 5
8 75 4
8 104 3
8 112 5
8 122 5
9 18 0
9 42 4
9 49 5
9 58 2
9 64 5
9 67 1
9 68 0
9 93 4
9 96 2
9 112 4
9 117 5
9 129 3
9 131 4
10 13 5
10 24 5
10 29 0
10 36 2
10 41 5
10 58 1
10 82 2
10 102 3
10 103 4
11 13 4
11 20 2
11 50 5
11 64 2
11 68 5
11 77 1
11 95 5
11 122 5
11 134 5
11 136 1
12 25 1
12 33 1
12 43 4
12 67 1
12 102 4
12 107 0
12 131 5
12 137 5
13 25 4
13 40 3
13 53 4
13 60 5
13 82 5
13 107 2
13 114 5
13 120 5
13 133 5
13 138 2
14 17 3
14 23 2
14 24 5
14 26 1
14 54 5
14 60 3
14 66 1
14 78 3
14 95 5
14 112 0
14 114 5
14 126 3
14 128 1
14 131 3
14 132 4
14 138 2
15 64 1
15 67 4
15 98 5
15 99 5
15 114 4
15 116 5
16 31 5
16 38 3
16 64 1
16 70 4
16 99 1
16 111 3
16 113 5
16 133 0
17 28 1
17 39 2
17 70 2
17 89 2
17 95 4
17 99 5
17 107 3
17 110 3
17 130 0
18 25 1
18 28 5
18 40 5
18 41 5
18 44 4
18 60 4
18 87 5
18 96 1
18 100 4
18 135 0
18 137 2
19 28 5
19 54 3
19 56 5
19 79 2
19 103 5
19 105 4
19 110 4
19 121 2
19 129 4
19 143 2
20 37 5
20 39 4
20 67 4
20 89 2
20 102 5
20 107 3
20 133 5
21 23 2
21 25 4
21 45 4
21 56 5
21 69 4
21 71 1
21 96 2
21 107 1
21 111 3
21 130 2
21 142 0
21 146 3
22 23 5
22 36 3
22 37 5
22 47 5
22 65 4
22 90 3
22 92 0
22 109 5
22 133 4
22 138 1
23 27 4
23 41 5
23 52 4
23 57 1
23 63 3
23 74 4
23 75 0
23 89 3
23 93 2
23 95 4
23 123 0
24 47 2
24 50 1
24 63 3
24 70 4
24 73 5
24 116 5
24 118 0
24 126 2
24 141 0
24 145 5
25 30 2
25 42 4
25 50 2
25 71 1
25 81 2
25 91 3
25 100 3
25 119 1
25 141 4
26 31 2
26 35 5
26 36 3
26 42 5
26 46 4
26 58 5
26 63 2
26 66 1
26 73 1
26 99 5
26 103 3
26 116 2
26 126 5
26 143 5
26 149 4
27 56 3
27 59 4
27 71 4
27 86 4
27 95 3
27 105 1
27 108 1
27 112 2
27 123 2
28 72 3
28 73 5
28 80 3
28 134 4
28 142 1
28 148 1
29 57 2
29 77 0
29 78 1
29 81 2
29 98 0
29 108 5
29 111 0
29 130 3
29 133 5
29 136 5
29 139 4
29 141 2
30 50 3
30 53 1
30 60 5
30 75 0
30 76 2
30 80 5
30 86 2
30 93 5
30 96 4
30 116 5
30 127 4
30 134 2
30 139 1
30 143 3
30 148 1
30 154 2
31 67 1
31 71 2
31 89 4
31 93 3
31 95 3
31 98 2
31 110 3
31 123 5
31 131 4
32 42 0
32 61 4
32 65 2
32 68 4
32 69 2
32 77 1
32 100 3
32 106 2
32 112 5
32 118 5
32 123 5
32 134 4
32 141 1
33 51 5
33 54 4
33 56 1
33 64 2
33 79 5
33 80 4
33 95 5
33 157 1
34 35 2
34 41 4
34 63 4
34 69 2
34 72 4
34 79 1
34 84 4
34 86 2
34 96 2
34 99 1
34 117 4
34 139 5
35 56 1
35 75 2
35 76 1
35 89 5
35 94 5
35 109 3
35 113 4
35 121 4
35 153 3
35 155 2
36 73 2
36 75 2
36 135 2
36 140 5
36 141 4
36 142 5
36 150 4
37 45 3
37 46 5
37 70 3
37 76 0
37 80 0
37 84 3
37 120 4
37 121 1
37 148 4
37 155 4
37 160 5
38 45 3
38 70 3
38 71 1
38 98 2
38 107 4
38 111 5
38 113 2
38 128 4
38 134 1
38 151 1
38 157 2
39 46 4
39 71 5
39 80 1
39 82 3
39 84 0
39 90 4
40 49 5
40 58 3
40 77 3
40 81 5
40 93 4
40 109 1
40 116 2
40 119 3
40 135 2
40 141 2
40 143 3
40 155 5
40 157 4
41 54 3
41 77 4
41 80 5
41 83 3
41 89 5
41 109 5
41 115 5
41 147 2
41 150 4
41 156 2
41 161 3
41 163 5
42 74 2
42 76 0
42 82 1
42 85 5
42 111 2
42 119 3
42 121 5
42 122 5
42 127 1
42 134 4
42 146 2
42 147 1
42 154 2
42 160 4
42 162 3
42 163 2
43 62 2
43 70 3
43 75 0
43 82 5
43 89 5
43 116 2
44 49 3
44 59 2
44 75 4
44 96 3
44 101 3
44 122 3
44 126 1
44 134 4
44 149 5
44 163 4
45 46 2
45 53 0
45 75 5
45 107 4
45 153 4
45 170 0
46 52 1
46 84 3
46 100 5
47 63 2
47 79 1
47 87 5
47 89 5
47 91 3
47 101 2
47 141 3
47 145 5
47 155 4
47 158 5
47 161 2
47 170 1
48 65 1
48 72 5
48 80 2
48 108 2
48 117 1
48 134 0
48 165 5
48 166 5
48 171 1
49 50 0
49 59 3
49 86 1
49 92 5
49 93 0
49 99 4
49 101 3
49 106 0
49 108 1
49 113 4
49 123 1
49 127 5
49 129 4
49 136 2
49 142 3
49 159 0
50 59 1
50 72 4
50 76 3
50 85 3
50 92 3
50 131 4
50 133 4
50 150 1
50 163 0
50 165 2
50 166 4
50 169 2
51 60 2
51 66 5
51 69 2
51 81 2
51 115 2
51 116 5
51 123 3
51 131 5
51 136 0
51 165 2
51 176 4
52 56 4
52 64 0
52 71 4
52 77 1
52 82 1
52 92 4
52 98 2
52 115 5
52 130 3
52 132 1
52 172 4
53 61 3
53 62 0
53 71 5
53 75 5
53 96 4
53 115 1
53 123 2
53 124 5
53 126 2
53 127 3
53 138 3
53 160 3
53 173 0
54 71 2
54 74 1
54 77 5
54 96 3
54 103 1
54 104 2
54 113 5
54 117 0
54 127 3
54 128 1
54 130 5
54 131 2
54 134 5
54 147 3
54 150 1
54 164 2
54 166 4
54 171 1
54 172 4
55 64 5
55 73 5
55 79 5
55 83 5
55 91 2
55 103 5
55 108 5
55 123 5
55 149 5
55 172 5
56 78 4
56 84 5
56 91 3
56 120 5
56 143 2
56 147 0
56 157 0
56 181 3
57 70 2
57 79 5
57 91 4
57 96 2
57 129 3
58 74 1
58 82 5
58 91 4
58 104 5
58 106 1
58 136 5
58 144 5
58 151 3
58 155 5
58 164 3
58 165 5
58 175 0
58 178 1
59 60 5
59 62 5
59 69 5
59 106 5
59 111 5
59 119 0
59 152 4
59 169 3
59 175 5
59 178 3
59 183 1
60 77 5
60 82 2
60 88 0
60 91 4
60 96 4
60 132 1
60 134 4
60 151 4
60 174 2
60 175 1
60 177 0
61 85 4
61 94 5
61 101 3
61 132 4
61 134 2
61 152 0
61 159 4
61 163 4
62 64 5
62 65 1
62 88 0
62 108 3
62 111 2
62 132 2
62 175 0
63 83 5
63 100 2
63 115 5
63 118 0
63 162 4
63 173 5
63 179 2
63 185 4
63 187 3
64 65 1
64 67 3
64 73 2
64 102 2
64 115 3
64 123 3
64 173 3
64 175 3
65 83 5
65 95 3
65 112 2
65 130 5
65 136 4
65 169 3
65 173 5
65 178 1
66 67 1
66 69 3
66 71 2
66 92 5
66 116 5
66 117 4
66 123 4
66 124 5
66 147 5
66 159 5
66 160 4
66 172 5
66 183 0
66 191 0
67 99 5
67 108 4
67 136 5
67 149 0
67 156 5
67 161 5
67 176 3
68 69 3
68 98 5
68 106 5
68 107 4
68 108 4
68 112 2
68 122 1
68 125 3
68 141 1
68 146 5
68 188 1
69 76 0
69 108 4
69 131 4
69 137 1
69 163 1
69 177 3
69 179 1
69 181 4
70 77 2
70 106 4
70 109 3
70 111 1
70 114 1
70 119 5
70 128 5
70 153 3
70 160 3
70 170 3
70 180 1
71 94 3
71 95 1
71 98 3
71 101 3
71 112 2
71 133 3
71 150 3
71 171 5
72 81 5
72 91 3
72 119 1
72 141 1
72 144 5
72 149 4
72 162 1
72 174 0
72 181 0
72 184 5
72 190 1
73 77 4
73 102 3
73 106 2
73 109 4
73 120 0
73 141 4
73 171 4
73 179 1
73 182 2
73 187 3
74 85 2
74 110 3
74 122 4
74 130 5
74 150 5
74 168 5
74 174 3
74 182 2
74 185 2
74 194 1
75 89 4
75 130 4
75 143 2
75 152 2
75 159 4
75 160 5
75 181 5
75 183 4
75 184 2
76 78 5
76 86 0
76 97 5
76 108 4
76 113 2
76 124 2
76 132 2
76 133 5
76 141 3
76 170 5
76 172 0
76 179 3
77 104 2
77 107 4
77 127 1
77 138 5
77 145 1
77 154 5
77 160 3
77 181 2
78 82 4
78 90 3
78 91 5
78 92 1
78 95 2
78 137 0
78 145 1
78 173 1
78 181 0
78 189 2
78 197 2
78 202 3
79 80 2
79 133 0
79 137 0
79 153 4
79 154 4
79 155 4
79 166 1
79 177 1
79 199 1
80 86 0
80 91 0
80 101 5
80 105 5
80 126 5
80 135 5
80 175 3
80 181 3
80 189 1
80 194 5
81 82 1
81 85 5
81 91 5
81 141 5
81 144 5
81 153 5
81 156 3
81 205 0
82 121 1
82 143 5
82 144 2
82 177 4
82 181 3
82 193 4
83 117 2
83 118 5
83 134 5
83 163 5
83 165 2
83 167 0
83 188 1
83 201 3
84 104 0
84 113 2
84 146 5
84 151 3
84 162 3
84 179 4
84 184 5
84 202 3
85 95 1
85 96 4
85 115 4
85 116 0
85 124 2
85 151 4
85 163 1
85 168 1
85 173 5
85 179 3
85 201 5
85 204 5
86 99 2
86 103 3
86 112 4
86 119 1
86 131 2
86 139 5
86 146 2
86 155 5
86 164 2
86 189 2
86 200 5
87 91 1
87 134 4
87 144 4
87 149 1
87 160 0
87 182 2
87 184 4
87 187 2
87 202 1
87 204 0
87 206 1
87 212 5
88 116 3
88 126 5
88 130 2
88 138 5
88 153 4
88 180 0
88 186 3
88 197 3
89 107 1
89 108 1
89 110 4
89 137 3
89 144 1
89 153 5
89 160 5
89 165 1
89 167 2
89 183 3
89 196 0
89 208 5
89 210 4
90 93 1
90 135 3
90 137 4
90 152 1
90 157 0
90 175 2
90 185 2
90 189 5
90 194 5
90 195 4
90 198 4
90 200 3
90 205 3
91 101 0
91 126 3
91 132 2
91 141 3
91 145 2
91 147 2
91 159 1
91 170 1
91 171 3
91 202 1
92 126 4
92 150 2
92 167 5
92 201 1
92 206 3
93 101 4
93 104 2
93 117 4
93 125 5
93 130 5
93 132 1
93 140 3
93 153 4
93 156 5
93 188 4
93 207 3
94 109 1
94 117 2
94 121 4
94 147 3
94 156 0
94 158 5
94 189 0
94 197 3
94 208 1
95 101 1
95 107 1
95 112 3
95 121 4
95 135 2
95 139 0
95 144 1
95 177 1
95 185 5
95 188 0
95 195 1
96 98 1
96 112 4
96 123 5
96 141 4
96 161 1
96 170 3
96 182 3
96 194 5
96 218 5
97 110 1
97 121 3
97 125 3
97 164 0
97 165 4
97 179 5
97 188 4
97 192 5
97 194 5
97 196 0
97 211 3
98 104 2
98 109 1
98 184 0
98 218 2
99 116 4
99 143 0
99 164 0
99 187 5
99 203 3
99 210 3
100 102 1
100 117 3
100 153 2
100 156 5
100 162 4
100 170 2
100 180 4
100 186 4
100 206 1
101 111 4
101 123 3
101 133 4
101 145 3
101 162 1
101 164 2
101 178 4
101 185 5
101 188 3
101 204 1
101 213 4
101 217 0
101 223 5
101 224 0
102 125 3
102 127 4
102 128 5
102 159 5
102 166 2
102 167 2
102 173 4
102 188 2
102 204 5
102 214 2
103 110 5
103 111 4
103 137 0
103 173 3
103 175 2
103 195 5
103 212 5
103 223 3
104 105 5
104 110 5
104 117 4
104 119 2
104 134 2
104 138 5
104 147 2
105 146 1
105 148 2
105 151 5
105 159 5
105 176 4
105 189 4
105 194 4
105 208 2
106 112 3
106 130 0
106 134 2
106 160 2
106 166 4
106 168 2
106 185 2
106 190 2
106 192 5
106 194 5
106 202 2
106 205 2
106 212 5
107 115 3
107 123 4
107 125 5
107 128 2
107 135 5
107 150 5
107 187 3
107 195 0
107 200 3
107 205 2
107 209 4
108 109 5
108 113 2
108 131 1
108 151 5
108 177 5
108 179 1
108 203 3
108 212 4
109 112 4
109 113 0
109 114 5
109 139 1
109 140 5
109 203 1
110 147 4
110 157 0
110 160 0
110 172 5
110 178 1
110 185 5
110 193 2
110 204 2
110 213 5
110 214 2
110 218 1
110 230 4
111 120 3
111 136 1
111 147 3
111 151 5
111 159 2
111 178 5
111 182 2
111 210 3
111 211 3
111 212 4
111 224 4
112 132 1
112 133 2
112 134 0
112 142 5
112 151 4
112 166 4
112 173 5
112 185 4
112 211 2
112 213 2
112 215 2
112 222 2
112 237 2
113 123 3
113 128 0
113 135 5
113 141 5
113 143 4
113 145 5
113 156 3
113 157 1
113 174 4
113 175 5
113 179 0
113 180 4
113 182 3
113 224 3
113 236 5
114 123 5
114 131 0
114 136 5
114 171 3
114 197 3
114 201 5
114 206 0
114 232 1
114 233 3
115 119 4
115 159 2
115 203 2
115 208 5
115 217 5
115 218 0
115 221 5
115 228 3
115 236 2
116 118 4
116 121 4
116 123 4
116 126 5
116 134 3
116 143 5
116 152 2
116 165 2
116 167 3
116 171 1
116 173 4
116 180 3
116 181 5
116 190 1
116 200 5
116 201 3
117 121 1
117 140 4
117 150 3
117 160 0
117 169 3
117 173 0
117 174 5
117 202 3
117 213 1
117 221 5
117 223 3
117 225 1
118 121 4
118 143 1
118 149 5
118 151 3
118 167 4
118 221 5
118 230 4
119 122 0
119 126 3
119 135 5
119 136 3
119 168 5
119 184 5
119 190 4
119 197 3
119 224 3
119 235 5
120 127 5
120 131 5
120 134 3
120 146 2
120 152 4
120 154 2
120 158 2
120 160 5
120 161 3
120 184 3
120 185 2
120 193 1
120 194 2
120 197 5
120 215 1
120 230 2
120 244 2
121 128 1
121 141 2
121 144 5
121 170 2
121 175 5
121 187 4
121 208 5
121 210 1
121 222 1
121 239 1
121 244 1
122 131 1
122 137 2
122 142 0
122 144 1
122 160 0
122 161 3
122 191 5
122 195 3
122 211 2
122 247 2
123 153 0
123 159 1
123 192 1
123 197 5
123 202 1
123 208 4
123 211 4
123 221 4
123 223 1
123 226 3
124 150 1
124 190 1
124 198 5
124 201 4
124 203 5
124 206 3
124 207 1
124 211 5
124 229 1
124 242 1
124 244 1
124 248 3
125 142 3
125 149 4
125 171 4
125 178 2
125 194 1
125 200 4
125 212 1
125 248 1
126 127 5
126 158 5
126 159 5
126 180 3
126 198 3
126 207 5
126 214 1
126 240 3
127 139 4
127 171 5
127 182 2
127 190 2
127 191 0
127 203 3
127 212 2
127 238 2
128 140 5
128 146 5
128 151 5
128 177 1
128 186 4
128 187 1
128 188 5
128 200 2
128 201 4
128 203 4
128 221 5
129 131 5
129 146 3
129 149 4
129 150 3
129 168 3
129 187 5
129 199 2
130 143 2
130 170 5
130 172 3
130 207 5
130 208 4
130 213 5
130 214 3
130 219 5
131 138 3
131 140 5
131 148 1
131 151 3
131 152 2
131 168 4
131 177 4
131 183 5
131 194 4
131 197 4
131 211 5
131 217 3
131 220 1
131 229 4
132 134 5
132 143 2
132 157 5
132 175 3
132 178 5
132 214 3
132 220 5
132 234 1
132 235 5
132 246 5
132 251 3
133 147 5
133 173 5
133 189 3
133 210 2
133 215 5
133 239 2
133 245 0
134 135 2
134 141 3
134 160 5
134 165 2
134 171 3
134 179 5
134 186 1
134 195 2
134 211 3
134 214 1
134 218 5
134 220 4
134 230 1
134 244 4
134 246 5
134 254 5
135 154 3
135 160 5
135 166 5
135 182 1
135 201 1
135 203 4
135 218 2
135 220 5
135 228 3
135 231 1
135 243 1
135 249 3
136 138 1
136 146 5
136 152 1
136 155 5
136 169 5
136 191 5
136 192 5
136 199 5
136 207 4
136 212 3
136 231 1
136 234 5
137 164 1
137 174 5
137 184 5
137 185 1
137 195 1
137 259 5
138 143 5
138 146 3
138 156 2
138 162 4
138 174 1
138 188 3
138 220 3
138 233 2
138 258 4
139 156 2
139 182 2
139 194 2
139 201 3
139 202 3
139 235 3
139 236 1
139 264 5
140 143 3
140 149 3
140 159 4
140 168 5
140 177 3
140 187 4
140 195 4
140 205 2
140 208 5
140 211 1
140 215 3
140 240 2
140 259 3
141 161 2
141 162 1
141 197 4
141 216 2
141 225 2
141 228 5
141 237 5
141 243 3
142 143 2
142 144 3
142 208 5
142 213 4
142 216 5
142 223 4
142 237 2
142 238 1
142 240 4
142 244 1
142 250 1
143 158 2
143 159 0
143 166 4
143 171 5
143 180 3
143 181 4
143 205 2
143 209 5
143 215 5
143 221 5
143 236 3
143 239 1
143 261 1
144 163 3
144 193 5
144 212 2
144 225 5
144 252 2
144 257 1
144 263 3
145 148 5
145 150 1
145 154 4
145 158 4
145 173 0
145 179 5
145 183 1
145 189 1
145 214 5
145 215 5
145 223 3
145 236 1
145 250 2
145 251 1
145 265 5
146 149 5
146 163 4
146 166 4
146 194 2
146 195 2
146 196 3
146 203 5
146 204 4
146 253 5
146 263 4
146 267 1
147 148 4
147 150 4
147 156 5
147 158 5
147 162 1
147 189 5
147 195 2
147 204 1
147 226 2
147 227 5
147 235 4
147 237 5
147 260 4
147 266 2
148 152 1
148 175 5
148 199 5
148 211 2
148 220 5
148 232 1
148 234 3
148 259 1
148 270 1
149 150 4
149 179 4
149 181 1
149 198 5
149 203 3
149 206 1
149 219 2
149 232 1
149 240 3
149 256 1
149 260 0
149 270 5
150 165 2
150 171 4
150 178 1
150 188 1
150 199 2
150 213 0
150 216 3
150 219 3
150 257 5
150 268 1
150 271 2
151 152 1
151 159 3
151 160 3
151 162 3
151 166 4
151 175 3
151 210 4
151 215 4
151 222 2
151 223 1
151 270 1
151 273 2
152 160 1
152 161 1
152 183 5
152 184 5
152 198 2
152 199 2
152 201 5
152 227 2
152 233 0
152 245 4
152 276 2
152 277 1
153 156 3
153 168 2
153 210 2
153 220 3
153 229 2
153 261 2
154 157 3
154 158 3
154 176 2
154 184 3
154 214 5
154 244 4
154 248 4
155 159 4
155 168 3
155 169 5
155 171 4
155 189 3
155 204 0
155 226 5
155 242 5
155 244 5
155 247 2
155 252 3
155 275 1
156 175 2
156 188 0
156 200 4
156 205 2
156 222 0
156 253 5
156 258 1
156 265 1
156 268 2
157 177 0
157 188 3
157 189 5
157 198 3
157 200 2
157 219 3
157 242 1
157 243 2
157 248 1
157 261 4
157 263 5
157 282 1
158 160 5
158 166 1
158 193 2
158 194 4
158 209 2
158 251 3
158 255 4
158 271 1
158 276 2
158 277 4
158 283 3
159 168 2
159 171 5
159 237 5
159 247 5
160 184 3
160 187 3
160 200 0
160 204 5
160 205 2
160 206 2
160 218 4
160 223 4
160 230 1
160 236 5
160 277 3
161 167 5
161 186 2
161 201 2
161 205 0
161 206 3
161 209 5
161 214 4
161 215 2
161 219 2
161 225 3
161 244 4
161 253 2
161 255 1
161 261 5
161 283 4
162 175 3
162 177 5
162 185 1
162 186 1
162 188 1
162 195 5
162 198 4
162 201 5
162 238 2
162 248 2
162 266 2
162 267 4
162 273 2
162 274 3
162 280 2
163 184 1
163 194 0
163 195 3
163 203 3
163 211 5
163 219 4
163 234 0
163 235 1
163 248 4
163 250 0
163 265 4
163 275 3
163 279 0
163 288 5
164 165 0
164 166 1
164 171 3
164 177 5
164 191 0
164 201 5
164 209 5
164 216 2
164 220 4
164 223 3
164 225 1
164 236 5
164 241 3
164 242 2
164 254 1
165 173 2
165 190 1
165 199 3
165 200 1
165 204 4
165 212 4
165 228 2
165 231 4
165 290 5
166 177 2
166 194 4
166 202 1
166 203 4
166 219 0
166 237 1
166 243 5
166 250 3
166 265 3
167 169 3
167 178 2
167 180 3
167 191 0
167 198 2
167 205 5
167 214 3
167 218 3
167 223 3
167 228 2
167 235 2
167 244 4
167 252 3
167 254 3
167 268 4
167 276 2
168 198 5
168 211 5
168 212 3
168 233 0
168 235 2
168 247 2
168 248 5
168 259 5
168 286 4
168 292 0
169 172 2
169 183 3
169 185 2
169 210 4
169 219 1
169 228 3
169 233 4
169 236 5
169 239 5
169 245 5
169 257 1
169 289 3
170 175 3
170 187 2
170 193 2
170 199 1
170 207 1
170 222 4
170 229 4
170 245 1
170 264 2
170 293 4
171 198 5
171 227 5
171 235 3
172 180 4
172 199 4
172 200 5
172 202 3
172 215 0
172 228 1
172 268 3
173 186 3
173 193 3
173 195 4
173 213 5
173 214 1
173 222 2
173 231 5
173 258 5
173 260 4
173 262 4
173 268 1
173 289 1
173 298 4
174 200 4
174 206 5
174 217 3
174 223 5
174 237 5
174 241 4
174 242 5
174 245 4
174 247 2
174 267 1
174 284 4
174 289 1
175 220 1
175 226 2
175 230 5
175 239 5
175 240 3
175 249 5
175 277 2
176 188 4
176 193 3
176 196 3
176 221 1
176 222 3
176 223 3
176 231 5
176 243 2
176 256 1
176 261 4
176 285 1
176 286 5
177 184 1
177 186 2
177 188 1
177 194 5
177 209 1
177 225 5
177 228 4
177 242 5
177 259 1
177 261 2
177 272 1
177 278 5
177 290 2
177 293 3
178 185 1
178 219 1
178 221 1
178 257 0
178 282 5
179 184 5
179 192 2
179 212 2
179 245 1
179 249 1
179 252 5
179 261 5
179 282 3
179 283 4
179 292 3
180 182 1
180 186 1
180 212 4
180 229 5
180 262 3
180 284 2
180 302 4
180 303 5
181 192 5
181 195 4
181 205 5
181 207 5
181 215 2
181 219 3
181 225 4
181 239 3
181 250 5
181 272 0
181 289 0
181 292 5
181 293 5
181 294 3
181 302 4
182 185 5
182 241 3
182 251 1
182 258 2
182 270 5
182 293 5
182 300 3
183 184 4
183 185 3
183 186 3
183 217 3
183 237 4
183 257 5
183 283 4
183 292 0
184 192 1
184 204 3
184 206 5
184 208 4
184 224 0
184 226 3
184 230 2
184 239 5
184 243 1
184 266 4
184 267 4
184 287 4
184 290 4
184 291 5
184 297 4
184 303 5
185 191 4
185 212 1
185 236 4
185 285 1
185 291 3
185 294 5
185 295 4
186 195 2
186 209 4
186 215 5
186 255 1
186 262 2
186 264 5
186 281 2
186 285 5
186 296 1
186 298 3
186 311 1
187 188 4
187 191 5
187 208 2
187 212 3
187 259 4
187 262 0
187 298 5
188 203 3
188 211 0
188 243 2
188 254 4
188 263 5
188 269 3
188 273 3
188 276 1
188 313 3
189 190 0
189 197 2
189 221 1
189 240 5
189 269 3
189 288 0
189 293 2
189 313 2
190 199 5
190 208 3
190 224 5
190 236 4
190 245 3
190 247 2
190 257 4
190 261 0
190 264 5
190 274 1
190 292 3
190 299 5
191 196 5
191 223 4
191 238 3
191 248 0
191 249 2
191 256 3
191 284 3
191 295 4
191 298 1
191 303 5
192 203 4
192 212 2
192 220 4
192 262 4
192 263 2
192 270 5
192 280 5
192 292 4
192 307 1
192 308 3
192 313 2
192 317 5
193 206 2
193 210 2
193 219 2
193 230 5
193 250 5
193 256 2
193 267 2
193 268 3
193 269 4
193 291 5
193 296 1
194 200 1
194 206 4
194 207 4
194 208 0
194 210 2
194 245 3
194 258 2
194 260 5
194 273 0
194 277 4
194 285 5
194 294 5
194 303 3
195 216 3
195 231 3
195 302 4
195 310 5
195 318 3
196 205 2
196 215 5
196 267 2
196 289 1
196 309 3
196 317 2
197 206 1
197 219 2
197 223 5
197 232 5
197 246 1
197 251 1
197 260 4
197 286 5
197 298 4
197 305 0
197 318 0
198 202 3
198 203 3
198 221 5
198 234 3
198 259 1
198 278 5
198 279 1
198 292 5
199 212 3
199 223 2
199 226 3
199 239 5
199 259 2
199 285 5
199 297 1
199 298 3
199 304 4
199 310 4
199 316 5
199 320 1
200 204 0
200 211 5
200 215 3
200 216 0
200 237 4
200 248 2
200 251 5
200 253 5
200 311 3
200 320 4
200 322 1
201 220 0
201 227 0
201 244 2
201 262 2
201 283 3
201 293 3
201 303 3
201 311 3
201 316 4
202 210 1
202 229 1
202 246 2
202 248 5
202 267 5
202 270 0
202 313 2
203 221 4
203 226 1
203 283 1
203 307 4
204 208 2
204 246 5
204 261 4
204 266 5
204 279 2
204 293 3
204 309 3
204 310 5
204 312 4
205 210 1
205 238 3
205 249 4
205 260 3
205 282 2
205 298 5
205 311 4
205 313 5
205 320 1
206 221 5
206 231 1
206 249 3
206 260 1
206 272 3
206 273 5
206 281 5
206 283 3
207 236 2
207 252 5
207 263 4
207 273 3
207 280 5
207 286 4
207 303 1
207 317 2
208 210 4
208 220 3
208 228 2
208 229 5
208 231 1
208 248 2
208 261 1
208 280 1
208 320 2
208 326 3
209 210 3
209 226 3
209 245 5
209 286 5
209 299 2
209 300 1
209 303 5
209 305 1
210 217 0
210 228 2
210 235 4
210 240 5
210 286 5
210 323 5
211 216 1
211 219 2
211 227 5
211 251 4
211 262 1
211 263 1
211 270 3
211 298 4
211 299 1
211 310 2
211 317 2
211 331 0
211 334 0
211 336 4
212 238 2
212 246 1
212 252 3
212 270 3
212 278 3
212 288 0
212 304 5
212 307 2
213 230 5
213 246 3
213 251 1
213 253 2
213 258 2
213 264 3
213 289 5
213 295 3
213 312 4
213 328 1
213 338 3
214 222 2
214 237 5
214 241 4
214 259 4
214 270 3
214 277 2
214 289 0
214 294 3
214 297 5
214 319 5
214 320 2
214 333 5
214 336 2
215 259 3
215 260 2
215 271 2
215 279 2
215 285 3
215 288 0
215 292 0
215 315 5
216 225 1
216 234 5
216 242 5
216 260 2
216 278 1
216 288 5
216 300 3
216 305 5
216 310 1
216 314 5
216 315 5
217 243 3
217 274 5
217 276 2
217 314 5
217 329 0
217 330 4
217 331 3
218 225 1
218 236 3
218 248 5
218 253 3
218 272 4
218 273 4
218 279 2
218 289 2
218 300 2
218 302 2
218 312 3
218 321 5
218 337 2
219 220 5
219 241 1
219 249 2
219 252 4
219 256 4
219 262 1
219 265 0
219 270 4
219 272 1
219 273 4
219 281 4
219 308 5
219 329 4
219 337 5
219 341 2
220 231 0
220 233 4
220 260 4
220 261 5
220 263 3
220 282 0
220 293 2
220 304 2
220 308 4
220 325 1
220 328 0
220 330 3
220 332 0
221 228 1
221 258 2
221 274 4
221 287 3
221 291 4
221 302 4
221 304 0
221 309 5
221 323 2
222 225 2
222 226 2
222 247 1
222 251 5
222 258 5
222 275 3
222 286 1
222 287 4
222 293 0
222 308 2
222 315 1
222 319 2
222 320 5
222 346 2
223 243 2
223 246 4
223 266 0
223 271 3
223 275 2
223 278 0
223 286 1
223 330 1
224 236 4
224 242 4
224 251 1
224 254 5
224 260 3
224 307 1
224 317 3
224 327 0
224 331 5
224 337 3
224 342 5
225 229 4
225 242 4
225 244 3
225 260 4
225 275 4
225 285 5
225 295 2
225 304 2
225 309 5
225 334 2
225 348 1
226 231 4
226 252 4
226 281 0
226 289 3
226 321 1
226 324 1
226 330 3
226 334 2
226 336 5
226 341 4
226 349 4
226 351 1
227 231 5
227 234 3
227 240 5
227 244 0
227 251 0
227 277 1
227 308 1
227 321 4
227 322 5
227 323 3
227 324 0
227 328 3
227 349 0
227 350 5
228 234 5
228 235 2
228 250 2
228 255 5
228 264 0
228 275 3
228 281 3
228 307 4
228 319 2
228 330 2
229 252 3
229 253 2
229 284 4
229 299 4
229 304 2
229 314 3
229 318 1
229 323 5
229 327 5
229 329 2
229 342 3
229 349 5
230 255 2
230 304 5
230 305 5
230 311 3
230 340 1
230 351 1
231 244 3
231 250 2
231 270 3
231 277 0
231 292 2
231 333 2
231 334 1
231 354 5
232 237 1
232 246 2
232 257 5
232 261 5
232 280 3
232 292 5
232 306 5
232 308 4
232 328 5
232 332 5
232 342 2
232 343 5
232 349 3
233 257 0
233 260 2
233 298 3
233 304 5
233 307 3
233 311 5
233 327 5
234 239 5
234 240 4
234 251 2
234 291 4
234 292 2
234 297 1
234 298 2
234 345 4
234 347 3
235 245 2
235 249 1
235 263 5
235 268 4
235 273 3
235 281 5
235 288 3
235 298 4
235 301 2
235 313 1
235 342 2
235 343 4
235 353 0
235 358 5
235 360 5
236 262 3
236 264 4
236 291 3
236 324 4
236 327 2
236 341 3
236 352 2
237 244 3
237 251 2
237 253 4
237 261 0
237 270 1
237 272 2
237 299 4
237 311 3
237 314 2
237 319 5
237 347 5
238 240 0
238 246 2
238 315 4
238 348 0
238 352 4
238 354 5
239 242 3
239 251 5
239 254 3
239 259 3
239 264 3
239 268 1
239 303 5
239 310 2
239 342 1
239 343 5
239 346 5
239 350 2
239 354 3
239 360 2
240 243 5
240 256 0
240 268 5
240 280 5
240 281 0
240 285 1
240 289 1
240 314 5
240 315 5
240 320 5
240 322 5
240 363 3
240 365 2
241 242 5
241 297 3
241 310 3
241 312 4
241 331 1
241 338 5
241 352 2
241 365 2
242 243 3
242 247 1
242 266 5
242 282 3
242 287 2
242 288 1
242 289 1
242 290 1
242 307 3
242 319 4
242 325 2
242 328 5
242 338 4
242 341 3
242 342 2
242 347 0
243 244 5
243 253 0
243 254 3
243 257 0
243 271 3
243 280 0
243 301 1
243 310 1
243 320 3
243 322 2
243 331 0
243 340 1
243 351 5
244 247 3
244 256 1
244 265 5
244 284 3
244 331 1
244 350 5
244 360 5
244 366 2
244 369 2
245 263 4
245 269 3
245 271 4
245 277 0
245 284 5
245 291 1
245 306 5
245 330 4
245 341 1
245 343 3
245 346 3
245 359 3
245 364 3
245 367 4
246 253 5
246 262 2
246 270 3
246 274 5
246 290 2
246 292 2
246 304 1
246 305 1
246 307 3
246 324 3
246 347 5
246 353 3
246 367 2
246 370 5
247 248 5
247 264 3
247 270 4
247 281 4
247 287 1
247 297 4
247 306 5
247 321 4
247 331 5
247 340 1
248 279 5
248 291 5
248 294 3
248 310 4
248 327 1
248 344 5
248 363 4
248 370 5
249 260 2
249 295 3
249 342 3
249 356 5
249 360 5
249 369 2
249 373 3
250 257 3
250 261 3
250 265 2
250 267 3
250 278 2
250 297 2
250 369 1
251 260 1
251 263 1
251 282 3
251 298 3
251 307 3
251 323 3
251 339 3
251 352 4
252 265 1
252 266 5
252 269 5
252 278 1
252 289 2
252 291 1
252 293 5
252 321 2
252 332 2
252 335 5
252 341 5
252 346 3
252 351 3
253 254 1
253 297 4
253 313 4
253 322 4
253 328 5
253 350 1
253 353 0
253 375 1
254 286 4
254 297 1
254 301 4
254 303 1
254 308 1
254 309 4
254 315 1
254 328 3
254 343 1
254 346 5
254 354 2
254 366 5
254 376 4
255 259 5
255 262 1
255 265 2
255 272 1
255 279 5
255 280 5
255 281 1
255 325 5
255 340 2
255 361 5
255 375 4
255 377 5
256 259 3
256 261 3
256 265 3
256 283 2
256 288 3
256 299 3
256 306 3
256 310 3
256 358 5
256 361 2
257 273 4
257 283 5
257 320 4
257 338 5
257 342 1
257 343 1
257 344 5
257 350 5
257 380 5
258 259 1
258 262 1
258 269 4
258 270 1
258 281 0
258 294 1
258 329 1
258 334 4
258 347 5
258 348 2
258 358 5
258 365 5
258 367 2
258 370 2
258 379 1
259 261 1
259 265 5
259 283 2
259 330 5
259 361 1
259 371 3
259 375 1
260 275 4
260 278 3
260 287 4
260 289 2
260 294 4
260 298 5
260 302 4
260 308 5
260 330 5
260 346 3
260 353 5
260 381 5
261 281 1
261 299 4
261 333 1
261 352 5
261 359 4
261 360 4
261 364 3
261 367 4
261 375 2
261 382 3
262 266 5
262 278 2
262 287 3
262 294 3
262 300 2
262 302 4
262 309 1
262 323 3
262 332 4
262 334 5
262 356 3
262 357 2
262 368 4
262 385 1
263 268 2
263 285 5
263 292 1
263 305 2
263 310 3
263 321 2
263 335 4
263 360 4
263 375 0
263 385 3
264 288 0
264 294 3
264 302 0
264 310 0
264 315 3
264 342 1
264 343 1
264 350 4
264 362 5
264 372 3
265 283 4
265 287 3
265 311 4
265 319 4
265 330 5
265 346 4
265 380 5
265 384 0
266 273 0
266 287 4
266 300 1
266 302 4
266 303 5
266 327 4
266 334 4
266 336 1
266 346 4
266 360 5
266 362 4
266 366 2
266 375 0
266 376 3
267 317 4
267 320 2
267 326 3
267 330 1
267 339 2
267 369 4
267 370 1
267 392 1
268 270 5
268 294 4
268 299 0
268 301 1
268 309 5
268 311 2
268 329 3
268 343 4
268 348 1
268 352 1
268 355 5
268 367 1
268 374 1
268 377 2
268 382 3
268 383 5
268 385 0
268 393 3
269 271 5
269 272 5
269 276 0
269 283 5
269 294 1
269 299 1
269 305 1
269 313 5
269 324 4
269 338 4
269 354 3
269 356 1
269 383 1
269 387 3
269 390 5
270 279 5
270 309 3
270 319 4
270 326 3
270 378 2
270 388 5
270 389 1
270 390 0
271 276 5
271 298 5
271 311 2
271 321 3
271 323 5
271 324 3
271 351 5
271 358 5
271 378 5
271 393 4
271 394 2
271 396 5
272 314 1
272 325 2
272 327 5
272 341 2
273 276 2
273 287 4
273 299 2
273 305 5
273 319 0
273 326 2
273 328 5
273 354 3
273 370 2
273 377 2
273 391 5
274 285 2
274 324 2
274 332 4
274 353 5
274 376 5
274 380 5
274 389 1
274 392 5
274 394 2
274 397 5
275 285 2
275 288 5
275 290 1
275 299 4
275 339 2
276 294 5
276 312 1
276 319 5
276 324 5
276 344 2
276 350 2
276 373 1
276 375 3
276 383 5
277 280 5
277 285 1
277 287 2
277 290 1
277 305 4
277 310 0
277 313 0
277 320 0
277 322 4
277 333 0
277 337 2
277 365 5
277 366 1
277 367 5
277 378 4
277 379 3
277 381 1
277 384 4
277 399 5
278 296 1
278 297 2
278 317 3
278 335 5
278 339 3
278 344 0
278 353 2
278 356 5
278 363 5
278 381 5
278 385 4
278 389 5
279 281 4
279 286 5
279 313 5
279 346 4
279 347 5
279 354 5
279 371 3
279 375 5
280 292 1
280 304 2
280 314 0
280 317 5
280 328 1
280 336 5
280 401 0
281 295 1
281 310 0
281 331 5
281 349 3
281 367 2
281 375 2
281 380 1
281 393 4
281 399 3
281 406 3
282 292 5
282 299 5
282 308 3
282 318 0
282 341 4
282 345 5
282 346 5
282 368 5
282 396 4
283 296 2
283 307 5
283 325 5
283 341 5
283 348 5
283 349 3
283 375 3
284 289 1
284 290 3
284 294 4
284 317 1
284 325 3
284 357 4
284 361 3
284 372 1
284 373 3
284 380 5
284 384 3
284 391 1
284 405 1
284 408 5
285 289 0
285 295 2
285 303 3
285 317 1
285 325 2
285 329 1
285 330 5
285 336 4
285 343 1
285 373 3
285 405 3
285 406 3
286 298 3
286 299 4
286 301 0
286 309 5
286 321 5
286 335 3
286 358 1
286 359 3
286 394 3
286 395 4
287 301 5
287 321 5
287 323 2
287 339 0
287 352 4
287 376 1
287 382 5
287 404 4
287 409 5
288 290 5
288 291 1
288 299 2
288 301 2
288 308 2
288 313 4
288 325 3
288 332 3
288 333 2
288 336 4
288 346 1
288 354 2
288 357 4
288 365 5
288 383 3
288 384 4
288 389 3
289 309 0
289 312 2
289 318 0
289 329 1
289 331 3
289 345 5
289 347 5
289 354 2
289 361 3
289 371 5
289 373 0
289 375 2
289 392 3
289 413 2
290 299 5
290 326 1
290 336 5
290 348 3
290 350 5
290 356 4
290 357 5
290 358 0
290 366 5
290 373 2
290 381 1
290 383 3
290 410 4
291 304 2
291 305 4
291 306 5
291 318 3
291 382 5
292 296 1
292 306 0
292 310 0
292 327 1
292 351 0
292 365 5
292 366 1
292 379 4
292 383 3
292 397 0
292 405 3
293 312 1
293 317 5
293 335 5
293 347 0
293 352 5
293 353 4
293 373 1
294 301 3
294 312 5
294 322 4
294 325 2
294 351 1
294 354 4
294 357 1
294 366 2
294 382 4
294 411 1
295 308 5
295 313 1
295 322 1
295 326 3
295 334 5
295 354 3
295 373 4
295 399 2
296 318 5
296 326 4
296 328 1
296 354 5
296 355 4
296 360 4
296 365 5
296 369 4
296 374 4
296 375 5
296 379 3
296 380 2
297 306 2
297 307 3
297 314 5
297 329 0
297 333 0
297 341 3
297 349 4
297 373 1
297 377 0
298 303 5
298 312 5
298 320 1
298 332 5
298 339 5
298 349 2
298 359 2
298 379 2
298 398 2
299 302 1
299 303 0
299 305 2
299 323 4
299 335 3
299 343 3
299 350 5
299 352 5
299 353 0
299 362 3
299 383 2
299 390 5
299 395 3
299 399 5
299 413 2
299 419 4
300 317 5
300 355 1
300 356 5
300 368 2
300 376 5
300 422 0
301 305 5
301 313 4
301 352 5
301 360 1
301 373 1
301 383 5
301 397 5
301 405 5
301 406 4
301 410 3
301 419 5
302 304 3
302 327 0
302 356 5
302 365 4
302 370 4
302 371 5
302 377 3
302 391 5
302 394 4
302 405 0
302 406 3
302 407 3
302 410 1
302 414 5
303 315 3
303 321 5
303 330 3
303 332 0
303 372 4
303 402 5
303 415 5
303 417 3
304 323 5
304 326 1
304 327 4
304 332 0
304 354 5
304 355 3
304 372 5
304 422 1
304 423 5
305 311 5
305 329 2
305 351 2
305 359 5
305 428 2
305 429 0
306 326 5
306 333 5
306 371 2
306 381 4
306 385 3
306 395 3
306 412 0
307 315 0
307 323 0
307 332 4
307 347 1
307 350 3
307 356 5
307 360 1
307 371 3
307 378 4
307 384 5
307 393 5
307 402 0
307 408 3
307 413 1
307 420 5
307 421 5
307 429 2
307 432 0
308 315 3
308 349 3
308 361 3
308 376 1
308 383 4
308 395 1
308 401 5
308 406 1
308 408 1
308 416 5
308 421 1
309 342 0
309 356 4
309 357 5
309 362 1
309 375 5
309 381 1
309 398 0
309 404 1
309 406 5
309 411 3
309 413 3
309 417 4
309 424 2
310 326 3
310 343 2
310 345 4
310 346 5
310 362 4
310 416 5
310 427 4
311 321 3
311 343 5
311 345 4
311 356 3
311 367 4
311 399 0
311 433 4
312 316 5
312 341 2
312 355 1
312 361 5
312 364 5
312 365 3
312 367 4
312 383 5
312 390 0
312 401 5
312 409 2
312 432 5
312 437 3
313 326 5
313 329 1
313 349 5
313 350 1
313 352 3
313 366 0
313 378 2
313 394 5
313 402 4
313 407 5
313 414 5
313 417 2
313 434 1
314 333 1
314 355 0
314 360 5
314 369 4
314 395 4
314 432 5
315 318 3
315 342 5
315 347 1
315 377 3
315 382 0
315 383 5
315 405 5
315 406 2
315 415 1
315 427 5
315 429 4
315 430 1
316 320 5
316 360 5
316 364 4
316 386 0
316 401 2
316 410 4
316 432 5
316 441 5
317 319 1
317 325 3
317 348 1
317 349 4
317 357 1
317 369 5
317 372 4
317 392 1
317 395 4
317 404 3
317 405 2
317 421 3
317 422 2
317 438 5
318 332 4
318 336 2
318 352 3
318 354 3
318 355 1
318 384 1
318 407 2
318 409 5
318 415 2
318 417 3
319 323 3
319 326 2
319 328 3
319 336 5
319 345 0
319 352 5
319 353 3
319 375 3
319 385 3
319 395 2
319 409 2
320 323 3
320 353 5
320 375 2
320 377 3
320 390 1
320 393 4
320 409 0
320 417 5
320 428 3
320 433 3
320 434 5
321 328 5
321 330 4
321 333 3
321 364 0
321 369 2
321 378 2
321 394 2
321 404 4
321 413 1
321 430 2
321 433 3
322 323 2
322 360 2
322 366 3
322 372 0
322 373 4
322 404 0
322 422 1
323 332 5
323 342 5
323 343 0
323 368 3
323 400 0
323 426 4
323 427 2
323 429 5
323 434 4
323 437 3
324 334 4
324 346 1
324 358 4
324 360 1
324 373 3
324 384 5
324 385 5
324 389 3
324 415 5
324 420 3
324 425 5
324 426 4
324 438 4
324 445 3
325 381 2
325 410 5
325 423 1
325 424 3
325 425 3
325 427 0
326 342 5
326 353 5
326 356 3
326 412 2
326 415 2
326 435 3
326 440 2
327 332 5
327 344 0
327 389 4
327 408 4
327 412 1
327 422 5
327 431 0
327 432 4
327 442 4
328 340 1
328 342 2
328 343 0
328 349 0
328 372 4
328 390 5
328 407 4
328 412 3
328 418 3
328 421 0
328 447 3
329 330 0
329 345 3
329 348 4
329 351 5
329 384 3
329 393 2
329 395 4
329 448 2
330 331 1
330 343 1
330 349 2
330 385 0
330 389 1
330 391 1
330 426 0
330 430 5
330 439 5
330 442 5
331 334 2
331 357 1
331 370 5
331 373 4
331 394 1
331 396 4
332 336 3
332 359 4
332 405 4
332 430 4
333 345 5
333 370 5
333 372 3
333 402 5
333 418 3
334 352 5
334 358 4
334 398 2
334 422 5
334 424 5
335 339 5
335 356 3
335 357 4
335 377 5
335 378 1
335 399 3
335 444 2
336 373 0
336 396 0
336 399 5
336 419 5
336 444 0
336 445 3
336 454 4
336 455 5
337 339 5
337 353 4
337 365 5
337 379 4
337 380 4
337 386 3
337 400 1
337 406 1
337 417 4
337 432 4
337 454 3
337 459 5
338 343 2
338 359 1
338 368 3
338 381 5
338 392 4
338 404 2
338 411 3
338 429 3
338 444 5
339 340 2
339 341 5
339 347 1
339 390 2
339 392 1
339 394 4
339 411 4
339 417 5
339 423 5
339 428 1
339 458 3
339 462 1
340 341 4
340 361 2
340 363 1
340 378 1
340 386 3
340 395 4
340 396 4
340 412 5
340 413 5
340 415 4
340 424 1
340 439 1
340 451 0
341 342 3
341 349 5
341 353 1
341 355 5
341 361 3
341 366 1
341 378 3
341 380 5
341 399 0
341 418 2
341 434 3
341 442 2
342 346 3
342 351 4
342 355 0
342 367 5
342 377 2
342 395 4
342 405 2
342 418 4
342 424 0
342 430 0
342 435 2
342 447 5
342 463 5
343 344 1
343 389 5
343 392 5
343 436 5
343 443 4
344 345 1
344 364 5
344 365 1
344 387 5
344 402 0
344 411 2
344 414 1
344 448 1
344 449 3
345 371 3
345 379 4
345 380 0
345 399 1
345 418 0
345 437 1
345 455 2
346 365 1
346 369 1
346 372 1
346 379 4
346 383 1
346 387 3
346 398 3
346 405 5
346 435 3
346 443 3
346 467 5
347 384 2
347 395 4
347 400 4
347 426 4
347 438 3
347 441 2
347 464 5
347 467 4
348 354 2
348 361 1
348 384 3
348 388 2
348 426 2
348 434 5
348 442 1
348 455 0
349 382 5
349 400 3
349 424 2
349 428 5
349 431 1
349 432 1
349 439 3
349 447 3
349 463 2
349 464 2
350 389 5
350 422 3
350 440 4
350 442 3
350 445 4
350 460 1
351 357 0
351 366 1
351 389 4
351 399 4
351 409 2
351 418 5
351 421 4
351 445 5
351 446 2
351 452 3
351 454 4
351 464 4
352 357 4
352 358 5
352 360 5
352 372 5
352 374 2
352 395 1
352 407 3
352 411 5
352 415 2
352 422 5
352 450 3
352 461 2
352 476 5
353 363 0
353 364 2
353 376 4
353 392 1
353 399 4
353 400 5
353 450 2
354 369 1
354 373 4
354 377 3
354 379 1
354 409 2
354 414 2
355 362 2
355 364 4
355 365 2
355 388 3
355 404 4
355 409 5
355 411 3
355 425 3
355 461 0
356 401 2
356 410 4
356 422 1
356 448 4
356 451 5
356 470 1
357 365 5
357 378 5
357 379 2
357 380 3
357 395 5
357 406 2
357 416 5
357 419 5
357 426 4
357 430 5
357 435 0
357 447 2
357 465 3
357 467 1
357 481 1
358 375 1
358 388 5
358 403 1
358 450 3
358 463 5
358 466 3
358 470 4
358 471 3
359 370 5
359 372 4
359 374 0
359 391 3
359 393 4
359 396 5
359 398 1
359 409 3
359 423 3
359 433 3
359 436 4
359 454 1
359 457 1
359 476 1
359 484 4
360 367 0
360 386 1
360 395 2
360 404 4
360 411 2
360 423 5
360 425 1
360 429 5
360 442 0
360 458 5
360 462 2
360 476 5
361 371 5
361 382 4
362 363 2
362 372 1
362 402 3
362 404 5
362 428 4
362 437 5
362 439 4
362 462 5
362 483 2
363 376 2
363 398 5
363 402 2
363 411 2
363 416 1
363 417 2
363 429 1
363 441 5
363 454 5
363 456 0
363 462 1
363 469 1
363 479 3
364 365 2
364 367 4
364 387 1
364 408 0
364 428 1
364 435 2
364 452 5
364 460 3
364 475 1
364 487 1
365 371 0
365 395 5
365 404 0
365 412 5
365 417 2
365 429 1
365 457 3
365 466 3
365 469 2
365 472 5
366 370 3
366 377 5
366 383 2
366 405 1
366 420 5
366 453 5
366 455 1
366 469 0
366 479 4
366 486 5
366 491 4
367 373 4
367 389 2
367 397 5
367 423 5
367 437 0
367 438 0
367 440 1
367 457 1
367 473 5
367 489 5
368 381 4
368 390 3
368 414 3
368 423 4
368 441 4
368 465 5
368 469 0
368 477 3
368 492 4
369 394 4
369 411 1
369 423 2
369 436 5
369 438 0
369 441 5
369 444 1
369 460 0
369 464 2
369 474 1
369 481 2
369 486 5
369 494 0
370 378 1
370 381 2
370 389 5
370 394 5
370 397 2
370 407 1
370 418 2
370 428 5
370 436 2
370 443 5
370 454 5
370 470 0
371 390 5
371 391 1
371 411 1
371 425 0
371 430 2
371 446 1
371 460 2
371 461 5
371 464 2
371 465 0
371 470 5
371 479 3
371 484 3
372 373 4
372 404 4
372 406 2
372 408 5
372 415 5
372 424 2
372 445 0
372 446 3
372 450 4
372 465 4
372 475 1
372 484 4
372 493 1
373 379 1
373 385 4
373 419 1
373 430 2
373 433 1
373 445 5
373 453 1
374 375 2
374 386 2
374 389 1
374 409 5
374 412 1
374 418 2
374 442 4
374 450 2
374 457 5
374 460 2
374 476 5
374 490 4
374 496 3
375 378 1
375 404 5
375 419 4
375 434 5
375 436 5
375 450 1
375 456 4
375 461 0
375 476 4
375 480 4
375 499 4
376 387 4
376 405 4
376 451 2
376 452 2
376 459 5
377 379 0
377 385 2
377 387 1
377 390 5
377 397 5
377 421 2
377 443 1
377 454 4
377 474 3
377 476 5
377 495 1
377 499 5
378 386 4
378 397 0
378 416 2
378 417 2
378 427 2
378 429 2
378 430 2
378 434 5
378 454 2
378 458 4
378 462 3
378 468 4
378 482 5
378 485 2
378 488 4
379 386 3
379 408 5
379 416 5
379 424 0
379 427 5
379 432 5
379 474 3
379 488 4
379 489 1
379 496 5
380 388 1
380 398 2
380 439 2
380 445 3
381 390 1
381 392 5
381 395 2
381 396 3
381 424 1
381 432 3
381 439 5
381 467 0
381 490 5
382 393 3
382 419 5
382 429 0
382 439 0
382 443 4
382 453 1
382 462 2
382 465 3
382 480 4
382 500 1
383 384 3
383 392 5
383 404 5
383 413 5
383 452 2
383 455 5
383 476 2
383 483 5
383 484 2
384 420 1
384 422 4
384 429 0
384 436 1
384 441 4
384 474 3
384 493 5
384 499 3
385 399 5
385 403 2
385 412 3
385 415 2
385 449 5
385 452 1
385 459 1
385 460 3
385 462 3
385 466 0
385 476 5
386 401 4
386 407 2
386 432 1
386 438 1
386 458 2
386 470 2
386 475 0
386 479 5
386 500 3
387 400 3
387 410 1
387 429 2
387 431 4
387 440 2
387 441 3
387 446 5
387 451 3
387 459 3
387 463 5
387 479 3
387 496 4
388 405 1
388 412 4
388 421 2
388 425 2
388 433 4
388 444 3
388 465 2
388 476 3
388 477 2
388 479 2
388 484 3
388 487 3
388 496 2
389 403 5
389 419 0
389 426 1
389 439 1
389 446 3
389 470 4
389 483 1
389 484 5
389 485 5
389 487 1
390 402 5
390 410 4
390 419 1
390 425 5
390 426 1
390 443 3
390 448 5
390 449 2
390 455 4
390 457 5
390 463 3
390 468 4
390 482 2
390 498 5
390 499 3
390 500 3
391 404 4
391 408 3
391 425 2
391 430 0
391 479 1
391 493 3
391 498 1
392 402 1
392 420 2
392 424 0
392 433 5
392 439 5
392 441 2
392 453 1
392 460 1
392 471 4
392 474 5
392 479 3
392 485 3
392 491 5
392 493 3
392 495 5
393 398 5
393 401 5
393 408 3
393 410 5
393 421 5
393 427 3
393 428 2
393 431 5
393 434 5
393 464 2
393 477 5
393 497 5
393 498 5
394 404 2
394 427 3
394 432 1
394 437 4
394 460 4
394 463 3
394 474 1
394 476 5
394 496 4
395 417 2
395 420 3
395 422 5
395 432 5
395 458 1
395 465 1
395 488 0
395 489 4
396 397 5
396 402 1
396 409 1
396 424 4
396 431 4
396 456 5
396 458 0
396 463 1
396 479 1
397 403 3
397 442 5
397 455 4
397 466 5
397 470 2
397 474 5
397 481 1
398 407 0
398 418 4
398 462 5
398 466 4
398 473 1
398 477 5
398 481 5
398 496 4
399 421 3
399 428 1
399 433 5
399 435 5
399 446 0
399 451 5
399 459 5
399 487 3
400 402 4
400 405 0
400 410 5
400 422 3
400 424 2
400 425 5
400 450 0
400 467 4
400 493 1
401 407 2
401 409 3
401 414 0
401 415 5
401 430 5
401 450 4
401 453 2
401 462 5
401 465 5
401 476 4
401 488 4
401 491 1
401 493 1
401 495 3
402 413 0
402 428 4
402 447 1
402 456 2
402 457 1
402 473 5
402 493 3
403 408 5
403 412 4
403 421 5
403 431 4
403 437 2
403 442 5
403 456 4
403 487 4
403 491 1
404 409 2
404 418 1
404 421 5
404 435 3
404 441 1
404 470 5
405 418 2
405 425 5
405 431 5
405 438 5
405 441 0
405 448 5
405 453 4
405 458 1
405 465 5
405 487 5
405 490 2
405 492 4
406 409 2
406 414 2
406 425 3
406 431 1
406 440 4
406 443 4
406 445 5
406 470 4
406 476 2
406 479 4
406 481 3
406 489 4
406 500 4
407 449 2
407 450 4
407 455 3
407 479 5
407 489 5
408 411 1
408 415 5
408 433 4
408 438 5
408 444 5
408 447 1
408 453 2
408 454 4
408 458 0
408 463 1
408 464 1
408 471 3
408 477 3
408 481 5
408 489 5
408 498 1
409 430 3
409 435 0
409 440 4
409 456 5
409 462 4
409 468 0
409 480 5
409 481 5
409 484 1
409 485 2
409 486 5
409 487 5
410 431 5
410 435 5
410 443 3
410 448 5
410 455 1
410 466 3
410 475 4
410 495 2
410 497 5
411 418 4
411 433 1
411 454 4
411 462 3
411 468 3
411 479 5
411 481 0
411 485 5
411 497 0
411 500 2
412 416 3
412 425 4
412 426 5
412 427 5
412 447 4
412 448 3
412 449 3
412 480 1
412 487 5
412 497 5
413 414 4
413 445 4
413 446 3
413 453 2
413 456 5
413 458 5
413 473 5
413 477 4
414 437 3
414 438 0
414 441 1
414 451 2
414 453 5
414 458 5
414 468 1
414 474 1
414 497 3
415 420 3
415 427 5
415 440 5
415 458 1
415 462 2
415 463 2
415 482 1
415 498 4
416 426 3
416 432 4
416 441 3
416 448 0
416 451 5
416 453 1
416 467 2
416 468 4
416 473 3
416 477 1
416 483 5
416 488 5
416 495 3
417 423 3
417 429 4
417 449 2
417 465 3
417 481 1
417 493 1
418 419 2
418 444 1
418 448 2
418 459 5
418 463 4
418 466 3
418 474 3
418 475 0
418 484 2
418 492 1
418 497 0
418 499 4
419 438 5
419 457 3
419 470 4
419 499 1
420 423 5
420 432 3
420 433 5
420 437 5
420 469 5
420 487 0
420 499 2
420 500 4
421 423 2
421 428 5
421 429 5
421 434 1
421 436 1
421 442 3
421 443 3
421 445 4
421 446 5
421 450 2
421 461 2
421 466 4
421 469 4
421 493 5
421 498 4
422 430 2
422 453 4
422 459 2
422 471 2
422 475 5
422 486 1
422 488 4
422 492 2
422 495 2
422 497 2
422 500 1
423 432 3
423 446 3
423 451 3
423 461 5
423 462 4
423 469 2
423 474 5
423 495 2
423 498 0
424 432 3
424 437 4
424 461 3
424 463 5
424 468 2
424 473 5
424 489 5
424 499 1
425 426 1
425 430 4
425 432 2
425 434 5
425 438 1
425 447 3
425 451 2
425 454 1
425 463 4
425 465 2
425 478 4
425 479 1
425 484 4
425 492 1
425 495 2
425 499 1
425 500 2
426 430 4
426 441 5
426 451 4
426 454 5
426 462 1
426 471 3
426 473 1
427 440 3
427 453 1
427 460 0
427 468 4
427 483 1
427 485 3
427 490 1
427 495 0
427 500 1
428 444 0
428 446 3
428 459 0
428 475 2
428 478 5
428 479 2
428 484 2
428 487 3
428 492 2
428 493 1
428 495 2
428 500 2
429 430 2
429 444 0
429 453 4
429 459 5
429 465 1
429 474 2
429 482 1
429 487 2
430 445 2
430 447 4
430 450 4
430 457 4
430 468 4
430 473 3
430 477 2
430 482 3
431 439 5
431 446 4
431 447 2
431 456 0
431 467 3
431 478 5
431 487 5
432 433 5
432 439 4
432 444 0
432 448 4
432 449 0
432 455 4
432 472 5
432 475 1
432 482 4
432 491 3
432 493 0
432 495 2
432 497 3
432 500 3
433 448 0
433 450 0
433 462 4
433 463 3
433 464 5
433 469 1
433 472 5
433 479 3
433 480 1
434 437 5
434 444 2
434 457 4
434 460 2
434 471 5
434 473 0
434 475 1
434 476 4
434 478 1
434 480 5
434 496 1
434 500 5
435 438 3
435 441 3
435 443 2
435 445 5
435 452 2
435 454 3
435 455 4
435 463 3
435 470 2
435 478 1
435 488 3
436 437 3
436 443 2
436 445 2
436 446 4
436 453 2
436 465 3
436 474 5
436 493 1
436 497 5
437 448 1
437 450 2
437 456 3
437 457 1
437 476 3
437 484 4
437 492 5
438 444 0
438 456 1
438 458 5
438 460 2
438 461 0
438 474 3
438 479 5
438 489 5
438 495 1
438 498 2
439 460 5
439 464 4
439 487 5
439 494 5
439 497 5
439 500 5
440 441 5
440 447 5
440 448 2
440 452 2
440 458 2
440 464 4
440 467 4
440 471 1
440 477 3
440 481 3
441 443 1
441 447 3
441 459 5
441 460 5
441 465 4
441 469 5
441 477 5
441 486 5
441 495 3
442 443 4
442 445 3
442 451 0
442 462 3
442 467 2
442 469 1
442 476 1
442 482 5
442 491 1
442 500 5
443 449 5
443 453 2
443 457 1
443 475 5
443 477 4
443 484 4
444 446 2
444 447 4
444 449 1
444 452 3
444 453 5
444 468 2
444 470 1
444 478 1
444 480 4
444 482 4
444 490 2
444 493 0
444 495 3
444 496 0
445 473 0
445 492 3
445 495 0
446 453 5
446 459 2
446 460 1
446 462 4
446 464 1
446 475 0
446 481 2
446 492 3
446 500 1
447 448 3
447 457 5
447 460 2
447 463 5
447 464 0
447 470 0
447 491 1
447 494 3
447 495 4
448 449 2
448 459 0
448 467 1
448 470 2
448 473 5
448 476 1
448 477 3
448 479 0
448 480 5
448 481 1
448 488 1
448 495 3
448 499 4
449 454 2
449 455 1
449 458 5
449 459 3
449 478 2
449 486 2
449 491 3
449 494 5
449 495 3
449 498 2
449 499 1
450 453 4
450 459 2
450 466 3
450 472 4
450 481 5
450 482 1
450 493 5
451 459 3
451 464 4
451 480 5
451 484 2
452 461 1
452 462 2
452 463 3
452 465 2
452 468 5
452 481 2
452 482 1
452 485 1
452 486 5
452 491 5
453 459 2
453 463 4
453 477 5
453 487 4
453 491 3
453 495 5
453 498 3
454 456 3
454 464 1
454 476 5
454 480 1
454 482 3
454 483 5
454 486 1
454 489 3
454 492 1
454 494 4
454 497 0
454 498 1
455 456 1
455 475 0
455 492 1
455 495 0
455 499 5
455 500 2
456 458 5
456 468 1
456 469 4
456 473 4
456 475 5
456 481 3
456 484 3
456 489 5
456 490 5
456 500 3
457 459 0
457 464 2
457 474 1
457 483 0
457 484 3
457 485 5
457 486 2
457 493 4
457 498 3
458 459 2
458 460 1
458 463 2
458 473 5
458 480 2
458 481 3
458 486 3
458 491 5
458 497 4
459 462 2
459 467 5
459 475 3
459 478 5
459 482 3
459 486 2
459 490 2
459 491 3
459 496 2
459 497 5
459 498 4
460 462 2
460 464 4
460 472 2
460 474 1
460 480 3
460 494 1
461 465 3
461 468 4
461 471 2
461 481 5
461 489 1
461 493 1
461 499 3
461 500 2
462 469 1
462 470 5
462 471 2
462 474 4
462 476 3
462 478 4
462 490 4
462 492 2
462 500 1
463 464 1
463 472 2
463 476 1
463 477 0
463 478 4
463 480 5
463 488 2
463 492 3
463 496 2
464 465 1
464 472 2
464 474 5
464 482 3
464 485 3
464 486 1
464 488 5
464 491 5
464 493 4
464 499 1
465 477 2
465 479 5
465 491 4
465 492 3
465 493 5
465 497 5
466 474 0
466 478 3
466 484 1
466 485 1
466 490 5
466 494 5
466 496 5
467 468 1
467 471 2
467 474 3
467 477 4
467 478 4
467 480 4
467 491 2
467 495 5
467 500 0
468 472 1
468 474 1
468 480 0
468 489 4
468 491 5
468 492 4
468 493 5
468 494 0
469 470 5
469 474 4
469 481 5
469 485 4
469 487 5
469 492 4
469 493 5
469 494 3
469 497 5
469 500 1
470 472 2
470 476 1
470 485 4
470 496 5
470 497 4
471 479 5
471 480 5
471 484 4
471 488 1
471 489 4
471 491 4
471 492 2
471 494 2
471 500 0
472 475 2
472 476 1
472 477 4
472 478 3
472 480 2
472 483 4
472 484 5
472 486 5
472 488 1
472 493 5
472 494 5
472 498 1
472 499 3
473 479 1
473 480 3
473 487 1
473 488 0
473 499 3
474 478 2
474 488 2
474 494 5
474 497 2
474 499 5
475 481 4
475 485 5
475 487 5
475 489 1
475 492 5
475 495 4
475 497 0
475 500 5
476 483 3
476 485 3
476 495 4
476 498 1
477 479 3
477 480 3
477 481 4
477 484 5
477 485 1
477 487 4
477 488 2
477 490 3
477 491 3
477 497 5
477 500 2
478 479 2
478 481 5
478 483 2
478 484 5
478 489 2
478 490 2
478 492 2
478 494 5
478 495 5
479 481 2
479 485 1
479 486 1
479 491 3
479 493 1
479 494 2
479 495 1
479 497 5
479 498 0
479 499 1
479 500 3
480 481 5
480 482 5
480 484 3
480 485 2
480 486 4
480 488 3
480 490 1
480 494 3
480 496 5
480 498 5
480 500 5
481 482 3
481 484 2
481 489 4
481 493 2
481 498 5
482 488 1
482 490 2
482 496 3
482 497 3
482 498 5
482 499 4
483 486 1
483 487 4
483 489 2
483 492 5
483 497 2
483 498 0
483 499 4
484 485 4
484 489 0
484 491 1
484 493 5
484 494 5
484 496 3
484 497 2
484 500 2
485 486 1
485 487 5
485 488 0
485 489 5
485 491 5
485 492 4
485 494 1
485 498 5
486 490 5
486 491 5
486 492 3
486 494 2
486 496 1
486 499 5
486 500 2
487 488 0
487 492 2
487 493 2
487 495 3
487 496 2
487 497 5
487 498 2
487 500 4
488 490 1
488 491 0
488 492 1
488 493 2
488 497 4
488 498 0
488 500 2
489 491 0
489 494 4
489 495 1
489 496 1
489 497 3
489 498 5
489 499 1
489 500 5
490 493 1
490 494 3
490 496 5
490 497 5
490 500 1
491 492 4
491 493 2
491 495 2
491 496 1
491 497 2
491 498 4
491 500 4
492 493 1
492 495 1
492 496 0
493 494 3
493 496 5
493 497 3
493 498 1
493 499 3
493 500 3
494 495 5
494 496 5
494 497 2
494 498 4
494 500 3
495 496 1
495 498 5
495 500 5
496 497 1
496 498 5
496 499 0
496 500 3
497 498 5
497 499 1
497 500 5
498 499 4
498 500 0
499 500 1
