100 990 10 
1 17 74
1 37 61
1 61 12
2 15 81
2 16 46
2 26 67
2 38 57
2 42 79
2 45 74
2 49 55
2 54 66
2 67 62
2 76 114
2 89 40
2 95 61
2 99 92
2 100 86
3 2 90
3 4 40
3 13 74
3 21 66
3 29 35
3 33 21
3 39 50
3 41 37
3 46 61
3 50 28
3 59 37
3 68 61
3 73 55
3 92 65
3 96 39
3 100 15
4 14 46
4 15 17
4 19 57
4 22 67
4 44 72
4 61 49
4 80 44
4 92 42
5 17 62
5 21 47
5 25 36
5 33 65
5 57 78
5 64 6
5 90 42
6 2 22
6 8 68
6 15 59
6 18 69
6 24 27
6 33 71
6 38 39
6 51 4
7 26 52
7 36 83
7 37 86
7 43 47
7 46 57
7 49 31
7 76 55
7 81 18
7 86 48
7 96 96
8 3 22
8 11 93
8 12 34
8 36 2
8 42 27
8 45 31
8 51 71
8 55 40
8 58 74
8 59 57
8 71 30
8 93 38
9 10 62
9 30 70
9 39 35
9 43 39
9 65 86
9 68 61
9 75 64
9 94 28
9 96 22
10 2 116
10 13 75
10 19 83
10 20 100
10 33 64
10 36 67
10 56 75
10 61 75
10 62 85
10 82 80
10 85 97
10 91 69
11 1 42
11 10 61
11 14 28
11 15 28
11 36 94
11 39 113
11 41 93
11 47 25
11 58 89
11 60 77
11 62 83
11 64 27
11 71 107
11 76 59
11 79 54
11 84 71
11 86 58
12 10 68
12 27 50
12 36 35
12 38 54
12 39 45
12 49 53
12 87 65
12 96 43
13 10 75
13 17 80
13 18 29
13 24 24
13 27 74
13 28 92
13 29 54
13 41 75
13 47 28
13 62 59
13 74 98
14 55 42
14 62 61
14 79 46
14 82 60
14 85 80
14 92 10
15 25 39
15 39 87
15 44 58
15 60 50
15 66 43
15 81 36
15 88 24
15 95 22
16 22 24
16 28 80
16 33 74
16 51 25
16 60 64
16 62 45
16 81 40
17 2 80
17 5 62
17 15 64
17 38 84
17 42 25
17 49 84
17 60 16
17 64 67
17 81 96
17 97 84
18 30 31
18 50 57
18 61 47
18 67 87
18 78 35
19 1 13
19 6 17
19 10 83
19 11 55
19 12 34
19 16 9
19 39 76
19 48 45
19 87 84
19 97 48
20 3 67
20 16 50
20 25 83
20 29 34
20 30 85
20 38 65
20 45 44
20 52 51
20 63 58
20 64 81
20 95 60
21 4 56
21 6 16
21 16 11
21 24 13
21 31 59
21 33 68
21 40 35
21 44 19
21 50 38
21 51 16
21 62 35
21 65 24
21 70 59
21 83 68
22 3 71
22 6 2
22 7 58
22 41 52
22 62 30
22 64 64
22 68 22
22 72 77
22 77 77
22 82 32
22 91 65
22 94 59
22 98 20
23 5 52
23 37 43
23 47 55
23 54 3
23 56 13
23 89 47
23 92 57
23 97 72
23 98 53
24 16 14
24 26 31
24 27 59
24 55 24
24 58 45
24 66 62
24 79 30
24 80 73
25 9 44
25 21 71
25 52 54
25 61 65
25 72 7
25 86 80
26 2 67
26 39 50
26 69 21
26 73 40
26 75 34
26 93 24
26 94 36
26 100 29
27 4 30
27 10 27
27 39 67
27 61 66
27 70 75
27 94 56
27 100 32
28 2 72
28 12 42
28 16 80
28 31 18
28 37 38
28 44 86
28 77 11
28 81 113
28 89 68
28 96 13
28 97 103
28 100 35
29 1 47
29 5 48
29 15 47
29 16 43
29 20 34
29 26 14
29 35 54
29 52 31
29 61 35
29 62 19
29 63 31
29 68 26
29 90 55
29 100 33
30 7 26
30 9 70
30 23 58
30 44 71
30 50 40
30 57 82
30 72 38
30 87 37
30 90 51
30 91 39
30 100 64
31 11 106
31 26 47
31 32 89
31 39 20
31 40 26
31 42 54
31 57 32
31 64 88
31 69 34
31 80 78
31 85 6
31 87 91
31 89 57
32 11 60
32 13 71
32 25 11
32 27 19
32 72 18
32 85 89
32 92 64
32 96 74
33 9 8
33 12 37
33 15 66
33 31 41
33 42 27
33 50 36
33 55 41
33 61 66
33 75 61
33 84 27
33 87 56
33 89 64
33 93 38
34 2 102
34 7 33
34 17 70
34 42 46
34 100 67
35 21 44
35 31 88
35 34 27
35 43 40
35 62 67
35 69 54
35 81 26
35 91 23
35 98 38
36 4 60
36 6 68
36 10 67
36 29 30
36 31 37
36 37 51
36 40 49
36 45 29
36 46 57
36 62 40
36 86 77
36 99 74
37 2 35
37 27 81
37 46 31
37 73 12
37 100 58
38 6 39
38 11 37
38 15 40
38 28 95
38 32 78
38 40 61
38 42 66
38 73 72
38 82 61
38 84 61
38 86 23
38 90 3
38 93 69
39 12 45
39 18 111
39 26 50
39 31 20
39 49 97
39 57 16
39 64 92
39 74 5
39 77 8
39 89 70
39 96 13
40 7 74
40 19 37
40 32 86
40 37 12
40 52 47
40 54 35
40 59 96
40 61 38
40 82 14
41 9 30
41 10 78
41 27 53
41 37 32
41 48 36
41 82 20
41 99 76
42 13 61
42 14 60
42 15 39
42 31 54
42 35 49
42 38 66
42 50 14
42 51 64
42 52 33
42 60 10
42 66 29
42 68 51
42 77 58
42 82 38
42 83 21
42 84 17
42 91 71
42 94 39
42 100 23
43 8 34
43 29 22
43 77 64
43 78 25
43 79 5
44 3 85
44 7 53
44 18 59
44 24 31
44 25 88
44 40 46
44 53 54
44 98 20
45 10 96
45 15 89
45 23 36
45 37 39
45 64 94
45 75 85
45 90 96
45 99 97
46 12 23
46 25 71
46 44 29
46 50 36
46 74 64
46 75 53
46 82 23
46 96 62
47 20 73
47 24 30
47 28 86
47 32 43
47 43 33
47 58 74
47 81 32
47 93 38
48 3 69
48 38 69
48 40 11
48 55 56
48 61 48
48 67 36
48 92 64
49 2 55
49 13 8
49 20 64
49 28 94
49 40 59
49 50 53
49 64 46
49 73 71
49 79 53
49 100 85
50 6 47
50 10 51
50 13 48
50 14 47
50 17 33
50 56 30
50 80 47
51 10 96
51 13 39
51 18 68
51 20 32
51 28 71
51 29 43
51 35 59
51 45 73
51 47 57
51 61 23
51 98 21
52 2 79
52 3 29
52 9 15
52 26 34
52 53 43
52 65 75
52 74 21
52 91 101
52 94 12
53 22 33
53 23 38
53 34 90
53 35 77
53 40 8
53 80 82
53 95 60
54 19 51
54 30 60
54 41 14
54 63 38
54 71 29
54 76 64
55 3 31
55 22 45
55 48 56
55 53 49
55 54 27
55 73 47
55 96 55
55 97 45
56 20 34
56 21 51
56 22 49
56 23 13
56 36 20
56 51 54
56 64 68
56 76 74
56 81 91
56 93 46
57 34 86
57 35 87
57 44 91
57 69 44
57 72 54
57 75 74
57 85 36
58 3 84
58 5 79
58 17 74
58 19 34
58 38 56
58 43 67
58 52 72
58 53 31
58 64 84
58 84 57
58 87 108
59 4 44
59 6 104
59 8 57
59 13 92
59 14 90
59 84 61
59 87 15
59 91 91
59 92 84
59 100 49
60 4 41
60 8 18
60 16 64
60 34 55
60 41 30
60 68 53
60 70 82
61 6 23
61 7 38
61 10 75
61 12 30
61 15 37
61 24 7
61 55 31
61 71 65
61 73 49
61 83 62
61 94 62
61 95 17
62 3 52
62 8 40
62 15 61
62 19 38
62 34 79
62 51 34
62 55 38
62 71 29
62 80 73
63 2 69
63 5 17
63 39 71
63 44 51
63 62 45
63 80 54
63 96 65
63 97 35
64 16 45
64 28 90
64 36 71
64 39 92
64 57 83
64 63 23
64 72 42
64 79 30
65 3 82
65 24 36
65 25 91
65 32 98
65 45 74
65 57 79
65 61 31
65 91 73
66 9 45
66 12 56
66 18 66
66 19 77
66 21 75
66 24 62
66 49 81
66 55 39
66 65 96
66 71 76
66 79 33
66 84 46
66 95 61
67 14 72
67 45 26
67 46 40
67 47 64
67 54 11
67 64 69
67 71 19
67 75 60
67 94 11
67 99 72
68 6 23
68 8 50
68 11 83
68 32 84
68 33 53
68 39 47
68 42 51
68 45 47
68 58 24
68 69 19
68 92 50
69 3 43
69 13 50
69 35 54
69 36 38
69 43 28
69 46 20
69 47 49
69 60 35
69 61 29
69 88 60
70 5 34
70 11 4
70 13 35
70 15 32
70 18 7
70 20 97
70 24 52
70 25 67
70 36 99
70 39 118
70 50 64
70 52 102
70 60 82
70 73 98
70 83 68
70 92 38
70 93 65
71 2 64
71 11 107
71 24 62
71 27 67
71 46 50
71 52 23
71 62 29
71 63 65
71 68 37
71 81 108
71 82 28
71 95 77
71 99 91
72 16 70
72 21 69
72 66 9
72 86 79
72 100 33
73 4 74
73 10 92
73 18 92
73 22 39
73 23 32
73 70 98
73 71 20
73 96 37
74 2 79
74 7 103
74 8 28
74 10 93
74 24 74
74 29 45
74 37 45
74 46 64
74 49 101
74 55 63
74 81 118
74 93 66
74 99 97
75 6 61
75 16 42
75 45 85
75 51 62
75 52 66
75 53 71
75 71 79
75 74 85
76 1 77
76 4 25
76 6 93
76 12 67
76 23 61
76 30 29
76 56 74
76 61 74
76 74 93
76 77 98
76 89 76
77 16 91
77 25 80
77 34 104
77 60 50
77 63 78
77 66 81
77 71 18
77 76 98
77 79 69
78 11 37
78 17 57
78 27 49
78 28 74
78 32 49
78 34 37
78 35 20
78 40 51
78 42 36
78 58 60
78 68 48
78 94 63
79 8 39
79 11 54
79 14 46
79 27 29
79 32 35
79 36 41
79 40 51
79 44 61
79 69 30
79 71 58
79 72 26
79 80 42
79 81 60
79 90 51
79 94 48
80 11 85
80 12 60
80 28 67
80 29 56
80 34 53
80 40 83
80 41 58
80 44 104
80 47 64
80 50 47
80 78 63
81 10 74
81 17 96
81 29 74
81 39 115
81 42 74
81 43 64
81 45 117
81 47 32
81 52 102
81 61 46
81 62 82
81 74 118
81 75 42
81 85 101
81 86 50
81 92 30
81 94 102
82 20 20
82 22 32
82 94 27
83 4 23
83 18 63
83 32 15
83 33 42
83 40 73
83 44 86
83 46 68
83 53 74
83 71 70
83 82 59
83 90 73
83 99 39
84 4 43
84 8 24
84 10 60
84 13 57
84 16 48
84 17 23
84 20 41
84 47 46
84 79 21
84 86 52
84 88 63
84 90 58
84 92 47
85 14 80
85 31 6
85 36 40
85 78 64
85 98 59
86 12 41
86 30 64
86 39 82
86 50 49
86 54 59
86 65 20
86 66 85
86 92 25
86 95 29
87 5 43
87 6 94
87 8 57
87 18 68
87 21 82
87 39 85
87 55 47
87 66 9
87 77 90
87 92 71
88 2 78
88 24 36
88 27 69
88 47 20
88 53 81
88 61 37
88 63 35
88 69 60
88 76 62
88 80 84
88 83 63
88 95 21
88 96 100
89 3 61
89 4 52
89 6 18
89 10 78
89 18 52
89 28 68
89 36 62
89 52 63
89 68 30
89 87 78
90 4 54
90 8 83
90 15 38
90 37 69
90 49 2
90 54 67
90 75 43
91 6 67
91 7 15
91 8 96
91 12 70
91 27 78
91 39 115
91 58 85
91 59 91
91 63 45
91 72 75
91 83 71
91 87 76
91 94 101
92 5 30
92 11 34
92 41 66
92 42 51
92 50 38
92 55 34
92 63 25
92 86 25
92 90 13
92 96 84
92 97 27
93 8 38
93 63 28
93 70 65
93 71 63
93 82 51
93 95 49
94 7 87
94 8 18
94 9 28
94 11 100
94 14 83
94 26 36
94 27 56
94 32 73
94 54 20
94 60 33
94 65 66
94 66 65
94 83 59
94 100 26
95 4 37
95 6 40
95 22 37
95 25 57
95 41 64
95 63 21
95 67 60
95 88 21
96 2 81
96 5 80
96 12 43
96 15 81
96 37 48
96 46 62
96 52 10
96 67 23
96 72 57
96 73 37
96 82 39
97 4 35
97 20 85
97 21 49
97 26 56
97 45 107
97 49 34
97 60 70
97 61 43
97 62 75
97 66 62
97 69 64
97 80 79
97 90 33
97 96 100
97 99 21
98 19 6
98 28 76
98 37 52
98 44 20
98 61 5
98 69 34
98 70 53
98 91 45
98 97 43
99 18 25
99 35 14
99 45 97
99 46 64
99 52 78
99 57 86
99 66 42
99 72 43
99 82 69
99 93 37
99 94 82
100 3 15
100 6 72
100 10 58
100 24 59
100 27 32
100 34 67
100 35 72
100 40 55
100 46 60
100 49 85
100 66 41
100 78 57
100 84 26
100 88 84
100 89 64
100 94 26
100 99 68
