100 999 10 
1 9 4
1 14 0
1 16 4
1 19 5
1 23 5
2 3 1
2 4 0
2 5 1
2 6 0
2 7 4
2 8 2
2 9 5
2 10 1
2 16 0
2 20 5
2 21 3
2 22 3
2 25 4
2 26 4
2 27 5
3 6 4
3 9 4
3 10 4
3 12 4
3 16 5
3 20 1
3 22 5
3 25 3
3 26 1
3 27 1
4 7 3
4 9 4
4 14 4
4 15 2
4 17 5
4 18 4
4 21 3
4 22 5
4 29 5
5 7 3
5 13 5
5 14 5
5 15 5
5 16 3
5 18 2
5 23 4
5 26 4
5 28 4
5 30 1
6 7 2
6 8 1
6 12 5
6 14 1
6 16 2
6 19 4
6 24 1
6 25 5
6 27 3
6 28 0
7 8 3
7 11 5
7 13 5
7 16 3
7 19 5
7 20 0
7 22 3
7 23 2
7 29 4
8 9 5
8 11 3
8 12 4
8 13 4
8 21 2
8 23 1
8 24 5
8 25 3
8 26 1
8 29 2
8 30 4
8 31 1
9 12 2
9 15 3
9 16 5
9 19 0
9 21 5
9 26 1
9 30 1
10 11 4
10 12 5
10 14 1
10 16 3
10 23 2
10 24 5
10 27 0
10 28 4
11 13 0
11 14 3
11 15 4
11 17 1
11 20 3
11 24 1
11 30 5
11 31 4
11 33 5
11 35 2
11 36 2
12 15 5
12 16 5
12 17 5
12 20 0
12 22 0
12 23 5
12 24 0
12 25 3
12 27 3
12 29 3
12 33 0
12 34 2
12 36 5
13 14 5
13 16 5
13 17 1
13 20 4
13 22 2
13 23 2
13 24 3
13 28 1
13 30 3
13 38 3
14 15 4
14 20 5
14 22 5
14 26 5
14 30 5
14 31 5
14 32 3
15 16 2
15 18 3
15 21 4
15 22 1
15 25 3
15 32 2
15 35 1
15 39 1
16 19 5
16 24 3
16 30 2
16 31 5
16 32 1
16 37 5
16 39 0
16 41 1
17 21 0
17 27 0
17 36 5
17 39 3
17 41 5
18 21 4
18 23 5
18 24 3
18 26 1
18 32 4
18 33 5
18 34 3
18 39 2
18 41 1
18 43 1
19 21 2
19 22 4
19 23 0
19 25 4
19 27 2
19 29 5
19 30 1
19 33 2
19 37 0
19 39 3
19 41 3
20 22 4
20 23 3
20 24 1
20 25 1
20 26 5
20 27 5
20 29 5
20 30 1
20 31 1
20 36 4
20 37 4
20 39 2
20 41 3
20 44 5
21 24 3
21 25 1
21 28 1
21 31 4
21 34 1
21 37 4
21 42 5
21 44 5
21 45 4
22 23 2
22 24 2
22 25 4
22 26 5
22 28 5
22 29 1
22 31 5
22 32 5
22 33 3
22 35 2
22 37 4
22 38 4
22 39 3
22 40 5
22 46 4
22 47 3
23 26 5
23 31 5
23 32 5
23 34 0
23 37 2
23 38 1
23 39 5
23 41 5
23 43 5
23 44 4
23 45 5
23 48 5
24 27 5
24 28 5
24 29 3
24 32 2
24 34 5
24 36 2
24 38 5
24 39 2
24 41 1
24 42 5
24 43 4
24 49 3
25 27 2
25 28 5
25 29 2
25 30 4
25 34 5
25 36 3
25 37 3
25 38 3
25 39 3
25 40 4
25 47 0
25 49 5
26 29 4
26 33 1
26 35 4
26 38 4
26 40 5
26 44 5
26 45 3
26 46 1
26 49 4
26 50 2
26 51 3
27 31 2
27 35 2
27 38 2
27 40 5
27 42 5
27 43 5
27 51 2
27 52 2
28 31 5
28 33 4
28 37 4
28 40 2
28 42 1
28 43 5
28 48 0
28 51 3
28 52 1
28 53 1
29 32 2
29 33 5
29 35 5
29 36 1
29 39 4
29 41 5
29 42 2
29 45 3
29 46 4
29 47 5
29 50 4
29 52 3
29 53 3
29 54 4
30 35 2
30 37 1
30 40 5
30 42 1
30 43 0
30 44 1
30 45 5
30 46 2
30 48 4
30 49 5
30 51 1
30 53 2
30 55 0
31 33 3
31 34 4
31 35 5
31 37 2
31 38 2
31 40 5
31 42 1
31 44 0
31 49 1
31 52 3
31 53 1
31 54 3
31 55 2
31 56 1
32 35 5
32 36 5
32 37 2
32 39 4
32 40 5
32 41 2
32 44 0
32 49 3
32 50 3
32 51 1
32 52 1
32 53 4
32 54 0
32 57 5
33 34 2
33 35 3
33 38 3
33 42 4
33 44 5
33 46 1
33 51 2
33 55 3
33 56 4
33 58 5
34 39 4
34 40 3
34 42 5
34 44 5
34 47 4
34 50 5
34 51 5
34 52 2
34 53 2
34 59 2
35 36 1
35 38 5
35 40 4
35 41 5
35 42 0
35 43 4
35 46 3
35 47 2
35 48 2
35 50 5
35 56 2
35 60 1
36 37 5
36 43 2
36 44 3
36 45 5
36 46 2
36 51 0
36 56 5
36 58 3
37 38 5
37 39 1
37 43 0
37 45 1
37 48 2
37 49 5
37 50 1
37 54 5
37 55 2
37 59 0
37 61 0
37 62 3
38 39 3
38 41 5
38 45 1
38 46 2
38 47 0
38 50 5
38 55 4
38 59 5
38 60 4
38 62 3
38 63 4
39 40 5
39 43 1
39 45 1
39 46 5
39 50 4
39 54 4
39 55 5
39 58 2
39 62 2
39 64 3
40 42 5
40 43 5
40 45 4
40 47 2
40 49 2
40 52 2
40 54 3
40 59 1
40 60 4
40 65 4
41 42 5
41 44 5
41 46 4
41 47 5
41 51 5
41 54 5
41 55 0
41 57 1
41 60 1
41 62 5
41 64 5
41 65 5
41 66 4
42 43 4
42 44 4
42 53 4
42 55 5
42 56 5
42 57 5
42 58 3
42 59 1
42 60 3
42 63 5
42 65 1
42 67 2
43 49 3
43 50 2
43 51 2
43 56 1
43 57 3
43 58 2
43 61 2
43 63 5
43 65 5
43 67 1
43 68 3
44 46 4
44 47 3
44 49 0
44 50 4
44 52 5
44 53 2
44 54 1
44 61 0
44 62 3
44 67 2
44 68 5
44 69 5
45 48 2
45 49 4
45 53 4
45 54 5
45 56 0
45 60 0
45 65 4
45 66 5
45 67 3
45 68 3
45 69 2
46 48 2
46 51 2
46 52 2
46 54 4
46 56 2
46 57 4
46 61 3
46 63 3
46 64 2
46 65 5
47 48 2
47 50 4
47 52 1
47 54 5
47 55 4
47 56 4
47 57 0
47 61 5
47 69 3
47 70 0
47 72 5
48 51 5
48 52 2
48 56 3
48 57 1
48 58 2
48 59 5
48 60 0
48 61 2
48 62 4
48 63 2
48 64 4
48 65 0
48 68 5
48 69 4
48 70 1
48 71 2
49 51 3
49 55 4
49 56 1
49 58 1
49 59 2
49 60 5
49 61 1
49 63 1
49 64 2
49 66 0
49 67 2
49 71 1
49 73 2
49 74 4
50 51 3
50 53 4
50 57 5
50 59 1
50 63 5
50 64 1
50 65 5
50 67 2
50 68 1
50 73 5
50 75 2
51 52 1
51 53 0
51 55 1
51 58 2
51 59 1
51 60 3
51 61 5
51 64 4
51 72 4
51 73 3
51 75 1
51 76 3
52 53 3
52 54 5
52 55 4
52 58 4
52 59 1
52 62 2
52 64 0
52 65 5
52 67 3
52 72 5
52 76 0
52 77 5
53 56 1
53 57 3
53 58 2
53 60 4
53 64 5
53 66 5
53 67 0
53 71 4
53 74 2
53 75 4
53 76 2
53 77 2
53 78 5
54 55 5
54 56 0
54 57 0
54 58 3
54 59 2
54 60 2
54 61 5
54 63 5
54 67 0
54 69 2
54 70 5
54 73 5
54 77 0
55 56 0
55 57 1
55 59 4
55 61 5
55 62 5
55 64 4
55 65 3
55 68 5
55 69 5
55 70 1
55 71 2
55 72 3
55 73 2
55 74 3
55 76 0
55 77 4
56 57 4
56 59 5
56 63 3
56 66 1
56 69 3
56 71 3
56 74 4
57 60 1
57 61 3
57 62 1
57 64 0
57 65 4
57 66 4
57 68 3
57 70 2
57 73 1
57 77 5
57 78 0
57 80 1
58 60 1
58 61 2
58 66 4
58 68 5
58 70 2
58 71 5
58 72 4
58 73 0
58 75 5
58 76 5
58 79 4
58 80 3
58 83 2
59 60 1
59 61 5
59 64 0
59 71 3
59 74 4
59 75 1
59 76 3
59 78 3
59 79 2
59 84 4
60 62 2
60 63 1
60 65 4
60 66 4
60 67 5
60 70 3
60 71 5
60 75 3
60 81 2
61 62 4
61 63 2
61 67 5
61 68 5
61 70 2
61 72 5
61 74 3
61 75 2
61 76 2
61 77 4
61 78 5
61 79 3
61 82 0
61 84 3
61 86 1
62 63 4
62 67 3
62 71 1
62 72 3
62 77 4
62 78 3
62 87 5
63 73 5
63 75 1
63 78 0
63 83 5
63 84 3
63 86 5
63 87 4
64 67 2
64 68 5
64 69 3
64 70 0
64 71 2
64 72 1
64 77 2
64 78 4
64 80 5
64 81 1
64 82 5
64 85 2
64 87 5
65 69 4
65 70 5
65 72 4
65 73 5
65 75 4
65 80 5
65 81 4
65 82 4
65 83 0
65 85 0
65 88 2
65 89 4
65 90 5
66 67 1
66 68 0
66 70 5
66 71 1
66 75 5
66 76 3
66 78 5
66 84 4
66 85 4
66 87 0
66 89 2
66 91 5
67 68 5
67 69 3
67 74 5
67 80 3
67 81 3
67 87 2
67 91 4
67 92 1
68 69 3
68 71 2
68 72 5
68 75 5
68 76 5
68 78 1
68 79 4
68 86 2
68 89 5
68 91 5
68 92 5
68 93 3
69 70 1
69 72 5
69 76 3
69 79 2
69 82 3
69 84 5
69 86 1
69 87 3
69 88 5
69 92 0
69 93 2
70 72 5
70 73 1
70 75 3
70 76 4
70 78 4
70 80 4
70 82 4
70 83 0
70 84 2
70 87 5
70 89 4
70 92 2
70 94 3
70 95 5
71 73 3
71 74 2
71 81 5
71 82 2
71 83 1
71 84 2
71 86 3
71 87 5
71 88 3
71 91 0
71 92 3
71 94 0
72 73 4
72 74 2
72 78 5
72 79 1
72 84 4
72 85 3
72 86 4
72 88 5
72 91 4
72 92 3
72 95 1
73 75 4
73 78 4
73 83 0
73 84 3
73 89 3
73 90 5
73 94 5
73 96 4
74 76 2
74 84 5
74 92 3
74 93 1
74 94 2
74 95 5
75 76 4
75 79 4
75 83 4
75 88 2
75 92 5
75 98 3
75 100 1
76 77 3
76 78 1
76 80 4
76 83 2
76 85 2
76 88 3
76 91 2
76 94 0
76 96 3
76 98 3
77 78 4
77 82 2
77 84 0
77 85 1
77 87 0
77 88 4
77 93 2
77 94 4
77 96 2
77 97 0
77 98 1
77 99 1
78 82 4
78 83 1
78 84 3
78 86 1
78 87 1
78 90 0
78 96 2
78 97 5
78 98 2
78 99 4
79 80 2
79 81 0
79 82 2
79 85 1
79 87 3
79 88 0
79 89 1
79 90 1
79 91 4
79 93 3
79 94 4
79 95 5
79 96 4
79 100 1
80 81 2
80 82 5
80 83 2
80 84 2
80 85 3
80 86 4
80 87 3
80 91 5
80 92 2
80 94 3
80 96 4
80 98 4
80 100 1
81 83 5
81 87 0
81 89 0
81 91 2
81 96 1
81 98 0
81 100 3
82 83 2
82 87 4
82 88 3
82 89 5
82 90 5
82 92 5
82 94 4
82 97 2
82 98 2
82 100 4
83 85 2
83 86 5
83 87 1
83 89 5
83 91 1
83 92 0
83 93 1
83 94 3
83 95 1
83 96 4
83 97 5
83 100 0
84 85 1
84 86 5
84 88 0
84 89 1
84 91 1
84 92 5
84 93 4
84 95 1
84 97 5
84 98 4
84 99 5
84 100 4
85 86 5
85 87 5
85 90 2
85 97 2
86 87 2
86 92 1
86 94 1
86 96 3
86 97 5
86 98 4
86 99 2
86 100 1
87 88 1
87 90 0
87 91 5
87 92 0
87 93 3
87 94 0
87 97 3
87 99 2
88 90 1
88 91 5
88 92 2
88 93 3
88 94 3
88 95 4
88 96 3
88 97 3
88 98 0
88 99 5
88 100 4
89 90 1
89 91 1
89 92 3
89 93 5
89 96 3
89 98 0
89 99 5
89 100 1
90 91 3
90 92 3
90 94 5
90 96 5
90 97 3
90 98 2
90 100 2
91 92 2
91 93 5
91 94 3
91 96 5
91 98 1
91 99 5
91 100 0
92 93 5
92 95 0
92 96 4
92 97 0
92 98 1
92 99 3
92 100 1
93 94 1
93 95 1
93 96 5
93 97 5
93 99 5
93 100 5
94 95 3
94 97 4
94 98 4
94 99 3
94 100 1
95 96 2
95 97 3
95 99 5
95 100 5
96 97 0
96 98 4
96 99 5
96 100 2
97 98 1
97 99 1
97 100 5
98 99 2
98 100 4
99 100 2
