100 955 1 
1 37 60
1 59 9
1 72 63
2 15 61
2 20 16
2 26 54
2 37 26
2 58 54
2 60 25
2 76 72
2 80 35
2 90 73
2 95 23
2 100 20
3 15 30
3 37 51
3 40 75
3 41 19
3 56 27
3 59 17
3 73 84
3 76 78
4 7 58
4 29 42
4 46 38
4 61 33
4 80 61
4 83 49
4 98 20
5 11 37
5 34 28
5 55 84
5 79 76
5 80 62
5 85 10
5 87 43
5 92 57
5 99 28
6 8 22
6 15 63
6 24 16
6 30 68
6 31 13
6 35 24
6 39 58
6 40 77
6 41 17
6 51 75
6 74 52
6 82 87
7 6 37
7 8 23
7 10 97
7 24 53
7 25 59
7 35 13
7 47 75
7 52 6
7 74 54
8 6 22
8 16 92
8 18 59
8 21 62
8 25 74
8 26 87
8 39 78
8 46 49
8 55 40
8 58 42
8 63 21
8 83 49
9 5 28
9 18 31
9 22 61
9 48 66
9 60 45
9 79 66
9 92 42
10 13 49
10 15 94
10 31 75
10 37 89
10 85 49
10 88 57
10 93 49
10 96 77
11 1 67
11 2 44
11 13 30
11 15 75
11 22 10
11 24 60
11 34 61
11 48 24
11 53 7
11 54 18
11 55 66
11 61 66
11 62 7
11 82 45
11 89 77
11 92 64
12 16 85
12 27 47
12 32 30
12 65 47
12 77 79
13 11 30
13 50 47
13 59 50
13 74 7
13 100 23
14 18 30
14 32 50
14 39 62
14 47 23
14 63 76
14 79 82
14 85 13
14 100 45
15 14 41
15 25 44
15 27 56
15 37 81
15 44 35
15 48 78
15 60 43
15 63 42
16 4 62
16 41 69
16 53 13
16 60 78
16 81 12
16 84 21
16 90 24
16 97 9
17 7 69
17 12 47
17 28 35
17 35 68
17 37 85
17 42 69
17 46 53
17 47 40
17 64 41
17 66 39
17 81 41
17 88 43
17 91 24
17 93 16
17 100 42
18 30 19
18 31 45
18 49 45
18 53 34
18 59 49
18 64 34
18 66 32
18 67 34
19 6 91
19 12 46
19 30 24
19 39 68
19 40 47
19 42 85
19 47 19
19 53 64
19 72 90
19 81 64
20 8 48
20 16 44
20 29 7
20 38 31
20 42 31
20 47 77
20 66 49
20 83 62
20 95 11
21 16 63
21 28 12
21 31 58
21 40 48
21 44 15
21 57 19
21 79 66
22 9 61
22 10 17
22 11 10
22 12 71
22 16 16
22 33 30
22 47 71
22 64 65
22 66 62
22 77 69
22 82 40
22 91 51
22 94 84
23 4 23
23 20 43
23 58 26
23 64 8
23 66 6
23 67 17
23 68 46
23 86 51
23 89 25
23 98 41
24 1 58
24 12 78
24 27 100
24 29 40
24 57 61
24 69 62
24 86 71
25 34 24
25 44 26
25 61 36
25 81 49
25 86 33
26 39 10
26 41 65
26 43 80
26 44 57
26 57 44
26 78 9
26 80 84
26 94 95
27 9 39
27 19 1
27 21 33
27 36 26
27 45 83
27 53 64
27 60 78
27 89 45
28 5 26
28 44 25
28 48 68
28 52 51
28 64 8
28 68 51
28 81 66
28 82 40
28 96 10
28 98 37
29 20 7
29 68 22
29 81 36
29 83 55
29 87 12
29 99 23
29 100 6
30 4 11
30 29 38
30 33 23
30 55 85
30 90 44
30 99 29
31 3 40
31 6 13
31 11 49
31 19 88
31 25 65
31 42 18
31 64 64
31 71 32
31 89 80
31 94 67
32 2 32
32 6 33
32 15 30
32 19 66
32 27 66
32 41 17
32 56 32
32 72 52
32 84 82
32 85 56
32 92 11
33 5 22
33 8 59
33 20 20
33 39 32
33 46 45
33 61 42
33 69 28
33 76 39
33 84 45
33 86 24
34 24 80
34 26 77
34 38 37
34 41 50
34 42 59
34 57 33
34 58 31
34 59 34
34 81 68
34 89 17
34 90 73
34 92 47
34 96 10
34 100 41
35 33 47
35 34 50
35 43 11
35 48 55
35 49 20
35 52 14
35 62 68
35 65 76
35 88 35
36 6 64
36 33 24
36 40 43
36 45 57
36 53 51
36 56 71
36 62 50
36 69 22
36 76 39
36 99 34
36 100 34
37 12 81
37 19 105
37 24 4
37 41 35
37 56 58
37 69 65
37 76 95
38 6 30
38 20 31
38 26 70
38 32 4
38 35 15
38 51 46
38 81 61
38 82 66
38 86 58
38 90 80
38 95 26
39 12 76
39 20 30
39 43 70
39 50 63
39 77 55
39 88 34
39 99 19
40 11 21
40 12 71
40 27 46
40 47 65
40 55 87
40 68 25
40 74 30
40 78 27
40 82 31
40 88 47
40 100 50
41 2 16
41 7 25
41 23 39
41 27 75
41 45 14
41 49 12
41 58 39
41 73 76
41 77 33
41 79 24
41 83 46
41 87 29
41 97 61
41 99 45
42 7 28
42 14 69
42 30 63
42 31 18
42 51 67
42 61 49
42 68 51
42 70 28
42 93 82
42 94 52
42 100 27
43 6 33
43 8 24
43 31 41
43 33 44
43 45 15
43 61 27
43 69 25
43 75 25
43 77 51
43 85 63
44 7 36
44 56 54
44 58 35
44 67 30
44 76 51
44 79 51
44 84 61
44 94 38
44 98 40
45 6 20
45 7 17
45 14 67
45 43 15
45 44 37
45 46 40
45 53 69
45 65 78
45 92 7
45 99 58
46 4 38
46 18 42
46 25 41
46 44 29
46 51 30
46 72 73
46 80 33
46 82 61
47 5 37
47 13 49
47 15 48
47 20 77
47 39 84
47 55 116
47 72 100
47 75 94
47 84 75
47 87 79
48 2 27
48 7 65
48 11 24
48 25 57
48 55 43
48 60 51
48 66 66
48 73 49
48 86 37
48 100 31
49 7 33
49 20 28
49 26 66
49 31 13
49 57 48
49 66 56
50 7 20
50 9 48
50 10 86
50 14 64
50 34 53
50 42 8
50 66 47
50 78 65
50 81 65
50 87 38
50 95 33
51 7 54
51 14 12
51 38 46
51 39 71
51 47 22
51 50 62
51 68 54
51 85 26
51 86 53
51 89 21
51 98 33
52 2 43
52 3 15
52 26 91
52 36 58
52 37 54
52 41 28
52 53 81
52 65 80
52 76 93
52 96 60
52 99 68
53 2 45
53 4 54
53 16 13
53 19 64
53 23 61
53 35 69
53 37 64
53 39 4
53 49 58
53 56 93
53 74 29
53 75 68
53 80 74
53 92 68
53 94 85
53 97 7
53 100 40
54 18 43
54 22 23
54 24 57
54 34 77
54 39 7
54 40 33
54 75 70
54 84 35
54 93 66
54 97 15
54 98 57
54 100 46
55 7 58
55 12 84
55 25 86
55 28 87
55 41 38
55 44 63
55 57 68
55 70 19
55 78 64
55 83 82
55 89 98
56 14 78
56 23 54
56 26 102
56 28 62
56 35 24
56 46 42
56 58 32
56 84 113
56 88 59
57 5 16
57 21 19
57 25 18
57 26 44
57 35 49
57 42 48
57 46 42
57 48 39
57 50 47
57 58 50
57 72 50
57 75 55
58 2 54
58 5 53
58 10 97
58 19 66
58 21 37
58 64 24
58 75 45
58 77 71
58 96 39
59 2 51
59 8 38
59 24 66
59 36 47
59 44 36
59 49 46
59 63 25
59 78 83
59 89 34
60 2 25
60 6 21
60 30 59
60 39 65
60 40 77
60 82 78
60 89 58
60 94 40
61 11 66
61 39 74
61 48 69
61 63 43
61 71 45
61 72 72
61 82 57
61 95 41
61 100 38
62 9 64
62 10 27
62 19 64
62 20 29
62 23 60
62 27 64
62 39 4
62 60 64
62 77 56
62 79 70
62 85 49
62 98 46
62 100 39
63 5 76
63 12 48
63 34 59
63 38 32
63 40 100
63 44 52
63 47 89
63 52 10
63 54 95
63 62 89
63 68 78
63 96 68
64 4 25
64 8 59
64 17 41
64 30 33
64 36 22
64 51 17
64 68 53
65 11 47
65 15 57
65 22 43
65 30 15
65 47 29
65 57 31
65 70 83
66 6 61
66 19 40
66 20 49
66 21 14
66 37 78
66 38 32
66 41 44
66 49 56
66 52 44
66 60 44
66 76 59
66 92 41
67 6 72
67 41 55
67 52 58
67 68 52
67 86 52
68 8 68
68 17 31
68 35 57
68 39 17
68 41 44
68 55 62
68 66 51
68 70 44
68 72 38
68 92 55
69 8 48
69 51 27
69 72 59
70 5 68
70 9 71
70 13 54
70 18 49
70 20 26
70 22 58
70 24 13
70 25 70
70 27 92
70 28 75
70 35 43
70 42 28
70 56 64
70 78 46
70 93 87
71 2 25
71 9 41
71 20 10
71 74 14
71 77 45
71 85 41
71 89 60
71 99 17
72 5 65
72 8 52
72 17 67
72 27 89
72 35 49
72 37 26
72 44 50
72 53 39
72 55 27
72 83 80
72 86 53
73 28 68
73 85 42
73 97 20
73 99 31
74 7 54
74 8 63
74 11 23
74 34 38
74 38 37
74 51 39
74 55 66
74 79 62
75 8 11
75 16 81
75 23 53
75 33 51
75 40 83
75 45 10
75 70 33
75 71 43
75 72 41
75 96 73
76 4 38
76 21 46
76 25 33
76 30 29
76 39 42
76 41 74
76 43 81
76 61 69
76 68 36
76 74 35
76 84 20
76 97 32
77 30 77
77 63 60
77 70 11
77 76 89
77 78 56
77 79 26
77 88 37
77 91 78
78 11 10
78 36 54
78 48 21
78 49 58
78 65 57
78 68 17
78 84 30
78 88 35
78 95 36
79 1 43
79 22 80
79 41 24
79 46 58
79 51 80
79 54 73
79 57 62
79 68 63
79 71 49
79 88 41
80 1 17
80 25 62
80 37 47
80 40 84
80 41 20
80 44 37
80 47 81
80 61 36
80 93 82
80 97 80
80 100 35
81 7 78
81 29 36
81 43 72
81 65 53
81 85 49
81 94 86
82 20 59
82 68 43
82 70 85
82 73 38
82 74 35
82 92 77
82 93 5
82 100 55
83 3 27
83 4 49
83 11 80
83 18 52
83 19 64
83 32 28
83 45 42
83 48 80
83 50 43
83 63 35
83 65 65
83 78 88
83 91 41
83 99 69
84 4 55
84 10 5
84 12 82
84 17 37
84 31 76
84 52 101
84 86 20
84 90 3
84 99 33
85 2 65
85 3 60
85 5 10
85 13 23
85 14 13
85 61 45
85 69 38
85 73 42
85 76 26
85 87 52
85 92 66
85 94 59
85 95 42
85 98 8
86 6 68
86 7 75
86 19 46
86 23 51
86 38 58
86 68 16
86 74 21
86 79 79
86 90 22
86 91 43
86 92 68
87 20 5
87 25 46
88 22 40
88 27 63
88 30 40
88 39 34
88 49 27
88 63 57
88 70 29
88 75 36
88 76 55
88 79 41
88 83 56
88 95 7
88 96 56
88 97 40
88 100 8
89 12 14
89 16 94
89 35 57
89 52 53
89 57 50
89 68 69
89 70 88
89 91 29
90 5 45
90 8 104
90 12 83
90 14 57
90 15 92
90 30 44
90 45 93
90 46 87
90 65 44
90 72 70
90 75 95
90 94 97
91 3 43
91 4 8
91 14 10
91 36 6
91 47 30
91 55 85
91 77 78
91 83 41
91 88 42
91 96 15
92 4 57
92 6 25
92 9 42
92 32 11
92 42 16
92 93 77
92 97 73
93 2 75
93 29 56
93 38 65
93 43 73
93 48 69
93 59 72
93 73 42
93 79 96
93 84 45
93 95 52
94 7 26
94 13 51
94 14 48
94 15 7
94 21 37
94 26 95
94 75 53
94 83 1
94 90 97
94 99 69
94 100 48
95 2 23
95 7 43
95 20 11
95 27 56
95 62 33
95 63 57
95 67 45
95 74 16
95 80 41
95 82 51
95 88 7
95 90 56
96 2 68
96 4 19
96 5 29
96 14 16
96 22 65
96 26 81
96 31 77
96 35 60
96 37 93
96 50 62
96 52 60
96 66 16
96 68 58
96 74 43
96 89 17
96 95 50
96 100 49
97 18 36
97 26 10
97 38 64
97 43 75
97 44 49
97 60 71
97 67 66
97 96 71
98 4 20
98 5 15
98 34 39
98 36 23
98 39 50
98 68 38
98 72 75
98 86 28
99 20 23
99 27 50
99 39 19
99 43 57
99 66 49
99 67 50
99 72 41
99 77 56
99 78 20
99 86 14
99 93 43
100 3 28
100 9 37
100 61 38
100 64 39
100 77 41
100 79 41
100 83 49
100 88 8
100 91 37
100 99 27
