500 4978 1 
1 8 5
1 14 4
1 37 5
1 87 5
1 111 5
2 15 5
2 25 3
2 30 3
2 58 3
2 59 5
2 60 2
2 86 1
2 114 5
2 121 0
2 125 5
3 54 2
3 78 3
3 94 5
3 112 0
3 128 5
4 5 0
4 54 1
4 85 1
4 100 1
4 104 1
4 121 1
5 23 5
5 34 3
5 62 4
5 71 5
5 102 3
5 107 3
5 124 1
6 10 2
6 28 2
6 30 0
6 51 5
6 55 2
6 58 5
6 74 2
6 76 3
6 85 3
6 87 4
6 120 0
6 128 2
6 131 5
7 8 0
7 16 4
7 19 0
7 47 4
7 76 5
7 84 4
7 87 4
7 101 5
7 103 5
7 121 5
8 17 3
8 20 5
8 33 3
8 46 5
8 71 2
8 73 2
8 97 1
8 118 1
9 23 4
9 26 2
9 38 4
9 52 2
9 90 3
9 92 5
9 95 5
9 96 2
9 100 3
9 101 5
9 119 4
9 120 4
9 125 5
10 37 3
10 74 1
10 82 2
10 85 2
10 99 3
10 117 0
10 122 2
10 131 0
10 133 5
11 23 0
11 29 5
11 36 5
11 44 5
11 47 0
11 50 0
11 87 3
11 102 2
11 122 1
11 135 3
11 136 0
12 43 4
12 52 3
12 57 3
12 65 5
12 73 0
12 75 2
12 80 1
12 82 3
12 104 4
12 108 4
12 118 1
12 136 5
13 31 1
13 32 4
13 40 3
13 52 5
13 80 5
13 85 5
13 91 3
13 98 1
13 109 4
13 125 1
13 135 2
13 138 2
14 22 1
14 33 4
14 35 4
14 54 4
14 56 0
14 59 4
14 75 5
14 102 5
14 107 1
14 113 0
14 122 3
14 139 4
15 18 1
15 23 5
15 27 1
15 49 3
15 94 1
15 109 5
15 125 4
16 19 4
16 38 3
16 77 5
16 78 4
16 83 5
16 84 2
16 113 1
16 121 5
17 23 2
17 41 1
17 49 1
17 65 5
17 81 2
17 84 3
17 99 0
17 133 1
17 138 3
17 141 3
18 25 3
18 36 5
18 49 0
18 52 4
18 60 4
18 89 5
18 90 2
18 105 1
19 29 3
19 49 2
19 67 5
19 79 2
19 80 4
19 83 4
19 86 5
19 98 0
19 109 3
19 113 3
19 114 4
19 123 5
19 139 5
20 30 3
20 31 1
20 34 5
20 46 5
20 52 5
20 56 3
20 58 4
20 61 1
20 74 4
20 101 3
20 121 1
20 125 5
20 126 0
20 131 4
20 133 3
20 138 0
20 141 1
21 30 5
21 32 0
21 46 5
21 60 4
21 75 3
21 85 1
21 95 0
21 99 2
21 100 3
21 125 0
21 142 5
22 27 2
22 31 2
22 48 3
22 51 0
22 62 3
22 93 5
22 95 3
22 115 3
22 116 5
22 147 5
23 27 4
23 41 5
23 51 3
23 52 4
23 58 0
23 74 4
23 78 5
23 81 4
23 105 4
23 114 1
23 131 1
23 135 4
23 143 3
23 147 1
24 31 5
24 47 2
24 62 5
24 65 1
24 80 2
24 82 1
24 101 1
24 110 0
24 135 2
25 40 5
25 42 4
25 52 5
25 59 0
25 79 5
25 81 5
25 99 0
25 110 3
25 114 3
25 119 4
25 122 3
25 146 1
25 149 3
26 28 1
26 35 5
26 49 5
26 58 1
26 67 1
26 83 1
26 95 1
26 99 5
26 142 1
27 40 0
27 44 2
27 64 1
27 69 2
27 71 4
27 76 2
27 95 3
27 111 5
27 122 1
27 148 2
28 39 2
28 41 0
28 63 5
28 81 4
28 93 3
28 99 5
28 109 5
28 114 2
28 116 5
28 120 3
28 123 5
28 149 2
28 152 4
29 31 5
29 37 2
29 43 1
29 44 4
29 54 5
29 60 0
29 70 3
29 78 1
29 79 5
29 80 1
29 86 4
29 87 1
29 93 4
29 103 0
29 119 2
29 141 2
29 142 0
30 85 4
30 94 3
30 110 3
30 111 4
30 130 2
30 134 0
31 37 5
31 51 1
31 69 4
31 74 1
31 78 0
31 93 3
31 96 4
31 111 5
31 115 3
31 145 3
31 146 4
32 42 5
32 49 2
32 67 2
32 68 4
32 72 4
32 77 1
32 82 3
32 87 2
32 89 1
32 94 0
32 102 2
32 106 2
32 118 5
32 150 2
33 36 2
33 54 0
33 56 1
33 58 5
33 65 1
33 83 0
33 105 5
33 112 2
33 143 4
34 35 3
34 41 4
34 49 1
34 52 1
34 65 3
34 70 1
34 78 1
34 80 0
34 83 0
34 86 2
34 87 2
34 91 0
34 95 1
34 101 5
34 102 3
34 137 1
34 147 5
35 43 4
35 60 1
35 61 0
35 71 1
35 90 3
35 110 5
35 113 4
35 116 2
35 125 2
35 136 2
35 141 5
35 147 5
36 62 1
36 72 5
36 96 4
36 105 1
36 123 1
36 135 5
36 137 1
36 141 4
36 147 5
36 150 2
37 38 2
37 77 3
37 85 1
37 92 2
37 98 2
37 125 4
37 142 0
37 148 4
37 156 1
38 44 2
38 61 2
38 86 0
38 87 5
38 90 4
38 91 1
38 100 4
38 102 2
38 103 2
38 106 5
38 107 2
38 110 5
38 118 3
38 137 2
38 151 2
38 155 5
38 161 3
39 48 2
39 60 4
39 68 1
39 77 0
39 80 1
39 84 0
39 97 1
39 112 4
39 127 2
39 128 3
39 135 4
39 151 2
39 164 4
40 41 1
40 42 3
40 43 5
40 59 0
40 125 5
40 154 3
41 57 0
41 63 5
41 77 4
41 87 4
41 90 1
41 97 4
41 109 4
41 130 5
41 141 2
41 155 3
41 156 2
42 49 4
42 52 3
42 62 1
42 112 1
42 117 5
42 125 5
42 127 1
42 134 4
42 138 1
42 143 1
42 152 3
42 154 2
42 159 1
43 50 2
43 53 5
43 79 4
43 80 0
43 84 2
43 96 0
43 99 5
43 116 4
43 121 0
43 124 4
43 141 5
43 148 3
43 164 0
43 165 5
44 83 5
44 96 2
44 115 5
44 121 2
44 125 5
44 164 5
45 49 2
45 60 4
45 72 2
45 81 2
45 86 3
45 102 1
45 107 4
45 114 5
45 132 2
45 148 3
45 151 0
45 156 2
45 159 1
45 169 3
46 55 5
46 69 1
46 70 5
46 95 4
46 98 4
46 108 5
46 114 5
46 128 5
46 129 5
46 137 4
46 141 2
46 151 5
47 79 3
47 85 2
47 87 5
47 107 5
47 112 2
47 114 5
47 127 5
47 128 3
47 136 4
47 141 0
47 170 0
47 172 3
48 57 5
48 65 1
48 75 1
48 119 1
48 121 0
48 122 3
48 124 2
48 125 2
48 136 5
48 165 4
49 56 2
49 71 0
49 86 4
49 120 0
49 133 4
49 137 2
49 138 5
49 142 0
49 144 0
49 158 1
50 63 5
50 68 2
50 98 4
50 123 2
50 130 5
50 133 1
50 139 3
50 165 1
50 170 4
51 58 4
51 114 0
51 117 5
51 126 0
51 158 1
51 165 2
51 174 0
52 92 4
52 96 5
52 102 4
52 108 3
52 126 4
52 132 1
52 142 1
52 161 4
52 175 1
53 72 0
53 73 0
53 78 5
53 96 4
53 126 2
53 130 0
53 164 5
53 170 4
53 171 4
53 173 4
53 178 5
54 56 4
54 77 5
54 85 1
54 94 5
54 95 0
54 110 4
54 124 2
54 130 5
54 147 3
54 150 1
54 163 5
55 71 3
55 83 2
55 95 4
55 97 1
55 135 4
55 139 4
55 142 5
55 165 3
55 172 4
55 179 2
55 180 5
56 62 0
56 74 5
56 77 2
56 80 5
56 88 1
56 91 3
56 92 2
56 93 3
56 146 5
56 177 2
57 105 3
57 139 3
57 142 4
57 143 3
57 155 1
57 157 1
57 180 5
58 63 3
58 70 5
58 92 5
58 99 2
58 108 1
58 112 2
58 133 1
58 142 2
58 147 2
58 157 5
58 168 1
58 176 5
58 180 5
58 183 0
59 64 1
59 67 5
59 69 2
59 75 4
59 96 4
59 111 5
59 127 5
59 128 1
59 141 5
59 147 3
59 151 0
59 154 5
59 173 2
59 183 1
60 76 0
60 101 1
60 130 3
60 137 0
60 167 0
60 175 1
60 180 5
60 183 0
61 63 4
61 68 2
61 84 4
61 94 2
61 99 2
61 104 0
61 132 4
61 145 2
61 167 3
61 172 1
62 72 5
62 80 0
62 83 5
62 89 4
62 96 4
62 102 2
62 111 2
62 119 5
62 152 1
62 170 5
62 175 5
62 187 0
63 72 1
63 73 5
63 81 1
63 91 1
63 105 0
63 109 4
63 118 2
63 154 5
63 155 1
63 166 3
64 65 3
64 81 5
64 89 0
64 100 3
64 110 4
64 112 4
64 115 3
64 119 5
64 154 4
64 158 3
64 164 5
64 178 5
65 95 4
65 159 1
65 166 4
66 68 4
66 87 3
66 90 3
66 97 4
66 100 4
66 105 4
66 107 4
66 134 1
66 136 4
66 143 3
66 157 2
66 160 4
66 162 3
67 83 5
67 101 5
67 104 3
67 113 4
67 132 4
67 134 2
67 136 5
67 143 1
67 161 1
67 166 2
67 181 4
67 183 3
67 190 5
68 71 4
68 95 1
68 117 5
68 174 3
68 189 5
69 74 2
69 75 5
69 78 4
69 80 5
69 84 0
69 89 0
69 106 4
69 121 5
69 125 3
69 127 5
69 175 0
69 176 2
69 180 0
69 183 4
69 193 4
70 99 5
70 108 1
70 110 5
70 115 1
70 116 0
70 125 2
70 148 4
70 150 4
70 153 3
70 154 4
70 155 5
70 165 4
70 190 4
70 195 4
71 81 1
71 100 2
71 118 1
71 144 3
71 161 0
71 171 5
71 176 0
71 193 4
72 73 4
72 85 2
72 92 1
72 101 2
72 110 5
72 119 1
72 123 1
72 141 0
72 192 0
73 75 1
73 120 5
73 124 2
73 129 4
73 151 0
73 190 5
74 89 3
74 94 5
74 101 4
74 118 4
74 150 5
74 168 5
74 189 4
75 78 3
75 84 1
75 99 5
75 117 5
75 121 5
75 140 2
75 141 1
75 143 3
75 144 5
75 145 2
75 162 4
75 198 1
76 92 1
76 96 2
76 99 4
76 102 0
76 104 1
76 105 0
76 107 0
76 118 1
76 121 5
76 156 3
76 173 1
77 87 0
77 127 1
77 147 5
77 150 3
77 155 4
77 161 2
77 170 3
77 187 5
77 194 2
78 89 4
78 91 5
78 94 5
78 116 2
78 129 3
78 154 2
78 164 1
78 169 1
78 170 4
78 180 4
78 181 1
78 185 5
78 189 2
78 203 4
79 137 5
79 145 4
79 156 1
79 159 4
79 184 4
80 98 5
80 116 5
80 119 5
80 121 4
80 132 3
80 147 1
80 153 5
80 175 3
80 184 2
80 187 3
80 205 5
81 102 5
81 108 4
81 118 3
81 152 5
81 153 3
81 165 3
81 178 4
81 205 4
82 93 3
82 107 5
82 127 3
82 146 1
82 161 5
82 163 5
82 168 1
82 193 4
82 204 4
82 206 5
83 99 2
83 103 5
83 118 5
83 120 2
83 138 5
83 150 5
83 152 3
83 163 5
83 174 4
83 183 1
83 184 5
83 188 0
83 198 4
84 99 5
84 102 4
84 110 2
84 123 2
84 133 4
84 146 1
84 159 1
84 177 5
84 195 3
85 101 1
85 108 3
85 112 4
85 121 2
85 129 2
85 174 3
85 196 4
86 99 3
86 115 2
86 122 4
86 123 3
86 126 3
86 138 0
86 147 5
86 175 5
87 92 1
87 96 2
87 114 5
87 130 1
87 133 3
87 151 2
87 158 1
87 187 2
87 192 5
87 206 1
88 90 4
88 137 3
88 138 5
88 153 4
88 160 3
88 175 0
88 184 0
88 186 3
88 203 4
88 208 3
88 209 0
89 91 2
89 95 5
89 105 2
89 142 1
89 144 1
89 153 5
89 179 1
89 195 2
89 202 2
89 205 1
90 103 5
90 147 4
90 164 1
90 181 1
90 182 3
90 185 1
90 194 5
90 196 5
90 205 3
91 99 2
91 100 1
91 127 0
91 152 4
91 159 1
91 188 4
91 195 5
91 206 5
92 95 3
92 109 3
92 111 1
92 124 4
92 151 2
92 197 1
92 207 4
92 210 4
93 99 5
93 109 4
93 134 1
93 135 2
93 147 0
93 159 5
93 166 3
93 182 4
93 196 1
93 209 3
93 215 3
93 218 5
94 103 0
94 133 3
94 140 3
94 145 5
94 173 2
94 180 1
94 193 5
94 206 2
94 211 5
95 97 3
95 111 5
95 124 5
95 153 5
95 178 3
95 184 0
95 188 0
95 214 3
95 220 5
96 102 5
96 104 5
96 123 5
96 130 5
96 133 4
96 134 3
96 161 5
96 182 2
96 210 3
96 212 4
96 213 4
97 112 2
97 115 1
97 117 1
97 148 2
97 151 0
97 153 5
97 158 3
97 162 0
97 173 5
97 209 1
98 134 2
98 154 3
98 155 4
98 162 0
98 173 2
98 181 1
98 185 1
98 199 2
98 201 2
99 108 3
99 127 2
99 163 5
99 170 4
99 189 3
99 214 1
100 111 1
100 120 1
100 126 4
100 160 1
100 167 5
100 172 5
100 200 3
100 207 5
100 216 2
101 111 4
101 117 1
101 118 5
101 141 2
101 155 5
101 173 2
101 182 3
101 188 3
101 191 4
101 209 0
101 219 2
101 223 5
101 224 5
102 112 2
102 116 3
102 120 2
102 133 5
102 137 3
102 138 5
102 139 3
102 141 5
102 145 2
102 162 0
102 172 4
102 184 3
102 187 5
102 190 4
102 205 2
102 214 1
102 222 3
102 224 2
103 114 3
103 123 5
103 126 5
103 139 1
103 141 2
103 211 5
103 215 0
103 220 3
104 107 1
104 118 4
104 119 2
104 133 3
104 134 2
104 138 5
104 160 3
104 180 5
104 228 3
105 106 4
105 111 2
105 113 2
105 130 4
105 152 5
105 174 5
105 182 5
105 188 0
105 192 0
105 198 4
105 206 5
105 223 5
106 115 4
106 138 5
106 153 0
106 161 3
106 163 3
106 166 1
106 172 3
106 175 1
106 177 3
106 187 0
106 190 2
106 196 4
106 202 2
106 216 4
106 223 4
106 227 1
107 160 5
107 186 5
107 192 1
107 197 5
107 213 5
107 216 1
107 227 0
108 119 2
108 123 4
108 178 2
108 184 2
108 186 3
108 207 4
108 217 1
108 218 1
108 220 1
108 223 5
109 114 4
109 122 4
109 133 1
109 146 5
109 148 2
109 160 5
109 179 5
109 180 3
109 182 3
109 200 5
109 223 4
109 234 5
110 111 3
110 113 1
110 116 0
110 125 5
110 129 3
110 148 5
110 151 1
110 201 3
110 214 4
110 225 0
111 112 3
111 117 1
111 136 1
111 139 3
111 145 5
111 146 0
111 171 0
111 172 0
111 180 5
111 188 0
111 233 2
112 113 5
112 120 5
112 133 2
112 143 1
112 147 1
112 166 3
112 173 5
112 192 0
112 199 3
112 212 3
112 215 3
113 114 5
113 137 2
113 151 3
113 153 4
113 167 0
113 180 4
113 190 4
113 209 4
113 213 5
113 215 0
113 220 3
113 238 2
114 115 2
114 134 4
114 138 2
114 164 5
114 185 2
114 187 1
114 200 3
114 212 1
114 229 5
114 231 1
114 232 5
114 234 4
114 235 2
114 238 3
115 123 1
115 168 5
115 183 3
115 199 0
115 230 4
115 240 3
116 123 4
116 133 3
116 146 4
116 173 0
116 187 2
116 195 1
116 203 5
116 240 5
117 128 1
117 133 3
117 156 3
117 162 1
117 185 3
117 209 0
117 217 5
117 225 4
117 227 0
117 240 1
117 242 4
118 123 4
118 126 4
118 144 1
118 150 5
118 151 3
118 154 4
118 165 2
118 170 4
118 171 5
118 172 4
118 175 3
118 194 1
118 196 5
118 230 0
119 123 4
119 135 5
119 137 0
119 143 4
119 164 2
119 183 5
119 212 4
119 218 3
119 240 4
120 122 0
120 128 5
120 134 3
120 156 3
120 168 5
120 171 3
120 186 2
120 193 3
120 196 4
120 211 2
120 217 2
120 223 5
120 225 1
120 236 2
120 239 5
120 240 4
121 145 1
121 153 5
121 186 4
121 197 5
121 218 1
121 226 2
121 227 0
121 232 2
121 241 5
122 123 2
122 140 0
122 163 1
122 184 5
122 193 2
122 195 1
122 243 4
122 244 4
123 130 1
123 138 1
123 142 3
123 147 3
123 149 2
123 159 4
123 162 5
123 194 1
123 202 1
123 216 5
124 126 4
124 138 5
124 140 4
124 152 1
124 184 2
124 189 5
124 221 4
124 224 1
124 230 4
124 235 1
124 238 4
125 129 3
125 146 5
125 148 1
125 156 1
125 159 3
125 160 2
125 163 5
125 209 2
125 213 1
125 230 5
126 134 0
126 136 3
126 156 3
126 170 5
126 186 3
126 199 1
126 204 1
126 214 4
126 222 2
126 240 3
127 133 5
127 141 2
127 145 2
127 151 1
127 157 5
127 172 5
127 198 5
127 228 4
127 239 5
127 245 2
128 138 2
128 143 4
128 172 1
128 185 5
128 225 3
128 235 2
128 246 4
128 249 1
129 130 2
129 146 4
129 155 0
129 164 5
129 188 4
129 197 3
129 220 5
129 238 1
129 246 1
129 254 1
130 148 3
130 150 2
130 168 4
130 172 0
130 182 5
130 186 1
130 187 5
130 206 0
130 213 5
130 223 5
130 235 2
130 239 3
130 249 4
131 134 0
131 136 1
131 140 5
131 150 3
131 173 2
131 175 0
131 178 3
131 201 3
131 214 1
131 225 5
131 229 1
131 232 3
131 246 5
131 256 5
132 133 0
132 160 5
132 178 2
132 200 5
132 205 4
132 208 2
132 212 5
132 214 5
132 226 4
132 241 1
133 144 0
133 146 3
133 199 5
133 201 5
133 230 4
133 245 0
133 250 5
133 258 5
134 143 3
134 155 4
134 170 3
134 177 5
134 179 1
134 184 5
134 193 0
134 197 4
134 213 5
134 215 1
134 217 4
134 227 2
134 234 2
134 235 3
134 256 0
135 143 3
135 144 5
135 145 0
135 154 5
135 165 4
135 171 5
135 189 0
135 200 1
135 206 3
135 207 3
135 219 3
135 231 1
135 233 5
135 253 3
135 259 1
136 137 2
136 147 3
136 161 5
136 165 2
136 180 4
136 182 4
136 195 2
136 204 2
136 218 5
136 226 2
136 235 5
136 248 3
137 159 4
137 167 4
137 177 5
137 199 4
137 203 2
137 207 4
137 259 5
138 181 1
138 189 2
138 190 5
138 207 4
138 214 1
138 226 5
138 230 2
139 152 4
139 158 3
139 175 5
139 182 3
139 183 3
139 190 0
139 202 3
139 210 0
139 214 4
139 236 5
139 249 4
140 149 3
140 151 1
140 178 4
140 189 1
140 193 4
140 205 2
140 224 5
140 232 2
140 240 2
140 246 0
140 264 5
141 168 3
141 172 0
141 206 4
141 227 2
141 228 5
141 230 1
141 261 4
142 143 4
142 155 4
142 199 0
142 237 5
142 250 1
143 158 2
143 172 2
143 178 3
143 190 2
143 203 1
143 215 5
143 225 1
143 229 5
143 253 5
143 255 5
143 258 4
144 155 4
144 167 0
144 170 5
144 182 3
144 184 2
144 193 5
144 220 3
144 235 2
144 240 3
144 244 1
145 161 3
145 163 3
145 165 5
145 175 0
145 181 1
145 183 5
145 189 2
145 197 5
145 199 1
145 208 2
145 212 5
145 214 5
145 215 5
145 223 4
145 228 5
145 240 0
145 241 5
145 247 0
145 262 1
145 265 2
146 155 5
146 165 0
146 174 5
146 175 3
146 195 2
146 205 0
146 219 5
146 243 3
146 253 0
146 256 5
146 260 0
147 150 4
147 153 1
147 174 1
147 189 5
147 195 2
147 201 3
147 206 5
147 210 4
147 224 3
147 231 3
147 236 1
147 255 5
147 269 1
147 270 2
148 155 2
148 162 5
148 185 5
148 196 5
148 198 5
148 200 4
148 236 2
148 247 1
148 248 5
148 249 3
148 270 1
149 175 5
149 181 1
149 199 2
149 206 1
149 208 1
149 219 2
149 243 3
149 260 3
149 261 1
149 270 5
150 158 3
150 171 4
150 172 5
150 198 2
150 208 1
150 210 1
150 216 5
150 219 3
150 222 3
150 227 1
150 239 0
150 241 2
151 152 1
151 167 3
151 175 2
151 178 3
151 184 5
151 207 3
151 230 5
151 236 3
151 248 5
151 259 2
151 271 3
152 166 3
152 170 3
152 180 5
152 181 4
152 191 5
152 204 1
152 215 5
152 222 1
152 237 5
152 250 5
152 260 4
152 271 4
153 168 4
153 177 0
153 181 4
153 186 4
153 204 4
153 209 5
153 213 3
153 239 5
153 249 4
154 168 4
154 179 2
154 205 0
154 243 3
154 252 1
154 275 3
155 171 4
155 174 5
155 179 5
155 181 1
155 190 4
155 204 0
155 206 1
155 207 2
155 221 1
155 224 3
155 226 5
155 247 4
155 248 5
155 249 4
155 251 3
155 257 0
155 269 5
156 165 5
156 174 1
156 179 1
156 191 5
156 205 2
156 220 1
156 224 5
156 252 5
156 253 1
156 258 1
156 263 2
156 269 2
156 270 3
156 277 2
157 172 5
157 178 5
157 195 0
157 197 5
157 229 4
157 232 0
157 245 4
157 249 3
157 260 2
157 265 3
158 180 4
158 192 3
158 239 5
158 246 5
158 248 5
158 257 3
158 261 1
158 273 1
158 275 5
159 170 5
159 172 1
159 174 2
159 176 1
159 184 5
159 213 5
159 219 5
159 234 5
159 235 0
159 236 3
159 239 5
159 253 0
159 276 5
160 161 2
160 172 4
160 173 2
160 175 4
160 177 5
160 178 2
160 198 5
160 204 5
160 228 3
160 231 2
160 239 5
160 268 1
160 276 1
160 277 3
160 278 4
160 281 1
160 282 2
161 187 0
161 191 2
161 196 2
161 203 0
161 223 3
161 225 3
161 229 4
161 236 4
161 272 0
161 274 2
162 163 3
162 177 0
162 180 4
162 188 0
162 209 5
162 215 5
162 247 5
162 267 4
162 274 0
162 278 5
163 200 5
163 214 0
163 245 5
163 255 4
163 261 2
163 275 1
164 197 3
164 221 1
164 227 5
164 233 3
164 261 2
164 283 4
165 183 2
165 188 2
165 200 1
165 220 3
165 227 1
165 228 2
165 244 4
165 252 2
165 253 5
165 289 2
166 172 5
166 178 1
166 211 2
166 230 3
166 253 0
166 277 1
166 290 4
167 178 2
167 180 3
167 183 5
167 186 5
167 201 2
167 214 3
167 215 2
167 216 0
167 226 4
167 250 4
167 252 2
167 259 1
167 285 3
167 286 4
167 292 3
168 175 5
168 179 5
168 196 2
168 202 3
168 237 5
168 250 1
168 256 3
168 257 3
168 259 0
168 261 5
168 265 4
168 277 5
168 283 0
169 177 1
169 182 5
169 203 5
169 210 2
169 227 1
169 230 1
169 232 5
169 238 0
169 245 2
169 247 0
169 278 1
169 279 3
169 284 5
169 294 2
170 187 0
170 199 1
170 212 5
170 215 5
170 219 3
170 246 5
170 293 4
171 203 4
171 226 3
171 227 5
171 266 1
171 270 1
171 274 1
171 277 4
172 176 2
172 177 2
172 191 4
172 199 0
172 215 1
172 220 3
172 221 5
172 251 5
172 255 2
172 281 5
173 181 1
173 182 5
173 208 2
173 215 4
173 219 4
173 228 3
173 248 4
173 251 2
173 259 0
173 261 5
173 266 1
173 280 4
173 297 1
173 298 4
174 200 4
174 222 3
174 223 5
174 231 4
174 237 5
174 241 4
174 247 2
174 255 5
174 260 0
174 262 4
174 272 3
174 292 4
175 243 5
175 249 5
175 250 2
175 261 4
175 277 5
175 282 5
175 290 3
175 295 2
176 177 1
176 185 5
176 187 1
176 203 3
176 237 3
176 267 5
176 289 4
177 192 5
177 208 4
177 209 1
177 229 3
177 249 0
177 253 5
177 261 1
177 262 2
178 184 5
178 211 0
179 206 2
179 208 4
179 225 0
179 235 2
179 244 4
179 274 4
179 278 5
179 281 3
179 303 5
180 192 5
180 238 4
180 256 4
180 271 1
180 272 1
180 277 2
180 283 0
180 284 2
180 286 5
180 297 1
180 305 0
181 187 5
181 193 0
181 202 3
181 221 5
181 226 3
181 230 0
181 258 5
181 274 1
181 277 0
181 288 5
181 293 5
181 300 5
181 303 4
182 198 5
182 205 3
182 228 5
182 233 5
182 239 2
182 270 2
182 276 3
182 291 1
182 295 5
183 184 4
183 209 4
183 222 4
183 237 2
183 259 2
183 276 1
183 277 3
183 279 3
183 291 5
183 308 4
184 185 3
184 243 1
184 245 3
184 247 3
184 288 3
184 298 4
184 299 5
184 302 0
185 186 5
185 191 4
185 193 4
185 197 5
185 209 5
185 220 5
185 258 3
185 266 3
185 275 5
185 276 1
185 278 1
185 290 5
185 294 2
185 301 1
185 303 1
185 306 4
186 212 5
186 215 3
186 259 1
186 260 5
186 267 3
186 268 2
186 274 0
186 281 2
186 284 4
186 288 1
186 296 5
186 298 3
186 311 4
187 189 5
187 196 2
187 234 2
187 239 5
187 255 1
187 266 3
187 269 5
187 280 0
187 305 3
188 189 3
188 205 5
188 212 3
188 222 3
188 227 5
188 245 2
188 255 4
188 276 4
188 278 3
188 295 4
188 297 5
188 302 3
188 309 2
189 196 3
189 217 5
189 229 5
189 231 5
189 257 0
189 276 0
189 285 5
189 298 1
189 299 2
189 311 0
190 196 2
190 217 5
190 224 5
190 245 3
190 268 5
190 284 5
190 292 2
190 293 5
190 295 4
190 297 3
191 196 5
191 212 2
191 214 3
191 221 1
191 231 3
191 232 4
191 247 1
191 248 3
191 250 5
191 252 5
191 285 1
191 303 0
191 304 3
192 194 1
192 196 1
192 203 1
192 205 5
192 212 5
192 223 5
192 224 5
192 234 1
192 263 2
192 266 1
192 268 1
192 290 1
193 195 3
193 205 0
193 209 0
193 222 0
193 234 0
193 260 0
193 261 5
193 270 4
193 274 5
193 281 2
193 292 4
193 296 2
193 305 2
194 205 5
194 228 2
194 270 3
194 272 5
194 280 1
194 282 0
194 294 3
194 305 2
194 313 5
194 317 5
195 199 5
195 213 4
195 216 3
195 225 2
195 252 5
195 264 3
195 267 3
195 271 2
195 290 2
195 291 3
195 311 4
195 319 1
196 204 5
196 219 5
196 228 2
196 232 4
196 241 5
196 243 5
196 248 5
196 254 5
196 255 5
196 257 1
196 283 4
196 298 4
196 304 5
197 201 5
197 205 2
197 212 2
197 218 2
197 219 5
197 223 3
197 234 4
197 243 5
197 244 3
197 247 2
197 248 2
197 259 4
197 262 4
197 275 3
197 279 4
197 282 5
197 286 4
197 287 5
197 301 2
197 304 5
197 311 5
197 318 2
198 206 1
198 208 4
198 215 1
198 218 1
198 247 3
198 264 5
198 280 1
198 283 5
198 287 2
198 299 2
198 314 1
198 323 0
199 204 4
199 220 5
199 223 2
199 226 0
199 231 4
199 245 5
199 250 5
199 303 5
199 312 1
199 316 3
199 320 1
200 204 5
200 205 5
200 207 2
200 208 4
200 215 4
200 217 1
200 227 2
200 229 3
200 234 5
200 235 4
200 257 1
200 263 2
200 287 2
200 291 2
200 292 1
201 202 2
201 204 1
201 225 4
201 226 2
201 229 5
201 256 0
201 283 3
201 303 3
201 305 4
202 206 3
202 229 1
202 254 5
202 263 4
202 273 4
202 296 4
202 323 4
202 325 1
203 212 3
203 226 0
203 252 4
203 259 3
203 266 5
203 288 1
203 289 3
203 294 5
203 307 0
203 308 5
203 324 4
203 328 5
204 218 2
204 226 4
204 233 3
204 257 1
204 260 2
204 261 5
204 262 2
204 263 2
204 278 5
204 286 3
204 293 3
204 317 3
204 319 5
205 224 1
205 244 5
205 249 5
205 253 2
205 256 1
205 282 3
205 285 4
205 297 3
205 308 2
205 322 4
205 325 3
205 328 1
206 287 5
206 288 0
206 309 2
206 310 2
206 329 5
206 331 1
207 224 5
207 225 5
207 236 2
207 247 5
207 273 3
207 282 1
207 304 4
207 312 0
208 228 2
208 233 3
208 237 4
208 256 1
208 260 1
208 265 5
208 290 3
208 311 0
208 312 3
208 323 4
209 210 3
209 214 4
209 234 4
209 245 1
209 251 2
209 252 4
209 265 3
209 266 5
209 288 0
209 294 2
209 295 2
209 302 3
209 304 0
210 214 1
210 217 4
210 222 1
210 224 5
210 245 2
210 250 1
210 255 4
210 258 2
210 296 4
210 307 5
210 316 0
211 213 5
211 217 2
211 222 2
211 231 3
211 232 1
211 249 2
211 252 4
211 291 3
211 298 5
211 307 2
211 310 3
211 313 4
211 324 0
212 217 5
212 220 3
212 224 1
212 229 5
212 238 2
212 243 1
212 255 5
212 273 5
212 275 2
212 287 5
212 297 5
213 225 4
213 230 3
213 240 5
213 243 4
213 245 2
213 247 0
213 258 2
213 283 0
213 323 1
213 324 3
213 328 1
214 235 1
214 253 3
214 295 0
214 323 3
214 324 5
214 330 4
215 285 3
215 295 2
215 301 5
215 310 1
216 219 5
216 224 3
216 247 4
216 256 1
216 274 0
216 281 5
216 288 5
216 326 1
216 329 5
216 338 5
217 218 4
217 232 3
217 236 1
217 257 5
217 269 1
217 272 1
217 274 1
217 281 5
217 288 1
217 306 1
217 313 2
217 325 1
217 337 3
217 339 5
218 242 2
218 260 1
218 287 3
218 298 5
218 300 0
218 301 4
218 302 2
218 324 5
218 333 1
219 258 5
219 262 1
219 287 5
219 305 0
219 317 1
219 328 1
220 223 2
220 235 2
220 238 4
220 251 2
220 277 4
220 299 5
220 300 2
220 305 4
220 308 4
220 329 2
220 330 4
220 337 4
221 226 3
221 227 3
221 228 1
221 244 4
221 261 5
221 267 5
221 282 2
221 318 3
221 330 3
222 230 4
222 232 5
222 264 5
222 277 1
222 286 1
222 292 5
222 310 5
222 322 2
222 328 5
222 332 0
222 337 5
222 347 1
223 224 1
223 237 5
223 263 3
223 275 4
223 291 5
223 311 5
223 345 0
224 280 4
224 325 2
224 328 5
224 337 3
224 344 4
225 231 3
225 232 3
225 243 3
225 244 2
225 258 2
225 278 3
225 280 3
225 295 3
225 312 2
225 348 3
226 231 4
226 244 3
226 253 2
226 255 3
226 298 2
226 299 3
226 347 3
226 348 2
227 228 3
227 234 3
227 252 4
227 260 5
227 268 4
227 272 4
227 285 3
227 300 2
227 307 3
227 324 0
227 332 5
227 336 2
227 351 4
228 242 2
228 253 5
228 260 5
228 264 0
228 268 4
228 290 3
228 310 4
228 315 0
228 351 1
229 290 3
229 294 0
229 308 5
229 313 2
230 239 4
230 253 4
230 267 2
230 285 5
230 305 5
230 340 1
230 345 5
230 349 0
230 353 4
231 237 2
231 248 2
231 258 1
231 261 5
231 267 4
231 287 1
231 292 2
231 306 1
231 313 4
231 317 1
231 326 4
231 342 4
231 343 5
231 352 4
232 238 3
232 253 5
232 257 5
232 279 4
232 284 5
232 291 5
232 295 0
232 332 5
232 343 5
232 346 0
232 347 0
232 352 4
232 353 3
233 260 2
233 264 3
233 266 5
233 268 1
233 273 1
233 275 5
233 278 4
233 280 0
233 285 1
233 303 3
233 308 3
233 322 1
233 328 3
233 357 4
234 239 5
234 253 0
234 273 4
234 281 0
234 288 0
234 293 5
234 294 4
234 346 3
234 350 1
235 247 3
235 254 1
235 257 4
235 267 1
235 270 5
235 288 3
235 295 3
235 304 1
235 311 0
235 315 3
235 334 3
235 342 2
235 350 5
235 352 2
236 262 4
236 288 3
236 292 2
236 298 4
236 299 1
236 305 5
237 257 4
237 265 3
237 270 5
237 276 3
237 279 1
237 281 1
237 291 1
237 299 2
237 335 3
237 338 2
237 339 1
237 345 1
237 348 2
237 360 3
238 246 2
238 256 5
238 273 2
238 288 3
238 309 2
238 318 4
238 325 5
238 336 2
238 340 5
238 342 2
238 349 4
238 363 5
239 246 2
239 266 4
239 272 5
239 286 2
239 319 2
239 350 2
240 256 1
240 260 4
240 289 5
240 308 0
240 309 3
240 322 5
240 324 5
240 325 2
240 343 5
240 346 5
240 359 2
241 249 3
241 277 1
241 282 1
241 288 2
241 325 3
241 336 2
241 352 1
241 354 1
241 355 4
241 365 2
242 243 3
242 276 1
242 283 5
242 298 1
242 304 5
242 318 3
242 328 5
242 342 2
242 347 0
242 353 1
242 362 4
243 269 5
243 280 0
243 287 0
243 288 2
243 308 5
243 310 5
243 324 2
243 327 2
243 332 4
243 367 2
244 264 3
244 275 3
244 284 3
244 305 1
244 331 4
244 335 5
244 342 1
244 351 4
245 265 2
245 273 5
245 274 5
245 280 1
245 311 0
245 316 0
245 365 5
245 367 1
246 278 5
246 286 0
246 304 1
246 305 1
246 311 4
246 320 4
246 334 2
246 339 3
246 341 2
246 346 4
247 248 5
247 249 0
247 267 5
247 280 1
247 281 2
247 287 5
247 328 4
247 336 2
247 355 5
247 356 2
248 265 5
248 283 3
248 284 2
248 287 5
248 291 5
248 297 4
248 310 5
248 311 5
248 316 1
248 332 2
248 333 2
248 337 1
248 355 0
248 360 5
248 362 3
248 363 5
248 369 4
248 373 1
249 281 4
249 282 5
249 284 5
249 329 1
249 341 5
249 342 3
249 343 1
249 348 1
249 360 5
249 368 1
250 253 5
250 261 4
250 267 3
250 279 2
250 289 5
250 297 3
250 321 2
250 343 5
250 363 3
251 258 3
251 262 2
251 266 5
251 286 3
251 318 3
251 324 2
251 327 0
251 353 2
251 365 5
252 253 1
252 271 0
252 312 1
252 325 1
252 331 4
252 336 3
252 340 2
252 344 5
252 361 5
252 367 3
253 254 0
253 260 2
253 265 4
253 294 1
253 308 1
253 314 5
253 321 3
253 343 4
254 280 4
254 298 1
254 311 3
254 323 3
254 331 5
254 337 2
254 338 0
254 368 1
254 379 3
255 268 5
255 286 1
255 290 2
255 306 2
255 329 4
255 333 5
255 336 2
255 337 5
255 371 1
255 377 5
256 263 0
256 271 1
256 282 1
256 283 1
256 303 4
256 319 5
256 322 3
256 355 5
257 258 5
257 269 5
257 282 0
257 297 5
257 310 1
257 330 3
257 344 5
257 352 1
257 372 1
257 380 5
258 261 2
258 265 3
258 267 5
258 283 0
258 299 0
258 334 2
258 369 3
259 285 1
259 292 5
259 294 4
259 310 5
259 359 2
259 361 5
259 362 2
259 365 5
259 368 5
259 369 1
259 375 5
260 308 0
260 317 3
260 341 1
260 346 4
260 347 3
260 366 5
260 376 2
260 379 2
260 382 0
261 268 5
261 280 2
261 291 4
261 301 5
261 304 2
261 321 5
261 339 3
261 360 4
261 364 3
261 371 3
261 382 3
261 384 5
262 269 2
262 297 0
262 306 1
262 323 3
262 331 4
262 332 4
262 338 2
262 356 3
262 364 5
262 369 5
262 378 1
263 275 5
263 284 3
263 285 4
263 303 5
263 311 0
263 319 1
263 344 2
263 355 3
263 356 5
263 359 5
263 360 1
263 372 1
263 385 3
263 386 4
264 266 3
264 285 4
264 300 0
264 303 4
264 304 4
264 323 5
264 341 2
264 344 3
264 345 0
264 346 5
264 350 4
264 356 2
265 280 5
265 291 5
265 315 1
265 326 2
265 331 3
265 335 1
265 340 0
265 370 4
265 379 5
266 268 2
266 271 0
266 273 0
266 320 4
266 347 1
266 349 1
266 350 3
266 360 5
266 364 4
266 366 5
267 276 1
267 285 3
267 301 1
267 306 4
267 310 2
267 313 1
267 314 2
267 318 5
267 320 2
267 322 5
267 333 5
267 335 4
267 380 1
267 381 5
267 390 4
268 270 4
268 281 3
268 289 0
268 294 4
268 320 4
268 329 3
268 331 1
268 336 1
268 342 0
268 359 3
268 366 5
268 373 3
268 392 1
269 272 1
269 278 1
269 279 2
269 284 2
269 294 1
269 296 5
269 299 1
269 325 1
269 336 4
269 338 2
269 353 2
269 356 1
269 359 1
269 363 2
269 373 4
269 387 3
269 393 5
270 276 5
270 285 5
270 289 3
270 318 4
270 323 1
270 328 3
270 336 5
270 339 2
270 346 0
270 348 5
270 350 1
270 365 0
270 367 4
270 395 2
271 281 3
271 297 5
271 330 1
271 331 2
271 351 5
271 353 3
271 391 5
271 393 4
271 395 2
272 291 5
272 294 1
272 298 5
272 320 0
272 325 2
272 335 5
272 344 2
272 373 1
272 397 5
273 275 5
273 306 4
273 313 4
273 314 4
273 348 5
273 353 1
273 355 3
273 357 5
273 368 3
273 394 2
273 397 4
274 286 3
274 310 1
274 314 3
274 322 1
274 351 4
274 355 1
274 379 4
274 397 5
275 298 2
275 310 0
275 321 1
275 339 2
275 345 1
275 370 5
275 378 3
276 279 5
276 285 5
276 295 2
276 296 0
276 312 4
276 319 5
276 330 1
276 357 1
276 382 2
276 386 5
277 292 2
277 293 2
277 325 1
277 336 4
277 348 2
277 358 3
277 381 1
277 388 1
277 400 5
278 287 2
278 288 4
278 297 5
278 316 5
278 331 2
278 334 2
278 335 5
278 336 3
278 340 3
278 341 2
278 342 4
278 346 3
278 356 5
278 363 2
278 389 5
278 401 4
278 403 5
279 284 4
279 287 1
279 295 1
279 297 5
279 308 1
279 312 4
279 338 1
279 349 5
279 352 3
279 380 2
280 300 5
280 307 4
280 308 2
280 351 2
280 352 5
280 388 3
281 283 0
281 284 5
281 288 2
281 323 0
281 339 5
281 345 5
281 357 3
281 358 2
281 367 4
281 369 4
281 385 4
281 387 3
281 393 4
281 396 1
282 296 3
282 335 1
282 339 2
282 343 4
282 349 5
282 359 5
282 367 4
282 386 3
282 392 5
282 395 4
283 319 2
283 325 5
283 349 3
283 375 3
283 377 3
283 404 1
283 405 3
283 406 0
284 285 3
284 290 3
284 304 5
284 311 1
284 322 4
284 341 2
284 378 5
284 385 1
284 399 5
285 301 5
285 361 1
285 366 2
285 367 5
285 369 5
285 386 1
285 401 1
285 408 4
286 303 2
286 317 2
286 335 4
286 350 5
286 356 5
286 358 4
286 374 2
286 383 1
286 389 3
286 398 1
287 354 4
287 377 5
287 385 4
287 389 3
287 406 0
287 410 2
288 313 4
288 347 5
288 371 3
288 376 5
288 384 1
288 385 5
289 294 2
289 302 4
289 333 4
289 353 5
289 363 1
289 379 3
289 380 4
289 396 4
289 399 1
289 406 4
289 413 5
290 307 4
290 308 5
290 321 1
290 350 5
290 356 4
290 357 0
290 383 3
290 396 4
291 305 3
291 310 2
291 341 3
291 342 3
291 358 5
291 366 5
291 386 0
291 409 2
292 302 3
292 318 5
292 359 5
292 374 5
292 380 3
292 388 3
292 392 4
292 395 2
292 401 0
292 408 3
293 301 2
293 354 3
293 359 3
293 363 3
293 373 3
293 383 5
294 312 2
294 322 4
294 327 5
294 328 4
294 354 4
294 356 3
294 357 1
294 364 2
294 371 2
294 389 2
294 412 1
295 299 5
295 302 4
295 323 5
295 332 5
295 339 5
295 351 2
295 354 3
295 365 3
295 366 5
295 399 0
295 401 5
295 405 5
296 303 3
296 307 5
296 331 2
296 341 5
296 361 4
296 409 5
297 308 5
297 313 1
297 329 2
297 334 5
297 340 5
297 353 5
297 355 2
297 357 3
297 362 5
297 371 2
297 377 0
298 315 2
298 326 2
298 329 5
298 337 2
298 352 1
298 354 5
298 360 3
298 380 1
298 381 2
298 386 5
298 397 2
299 302 4
299 303 2
299 314 4
299 321 3
299 330 3
299 333 5
299 350 5
299 365 3
299 377 0
299 393 3
299 395 5
299 424 4
300 326 5
300 331 5
300 347 5
300 348 4
300 362 1
300 368 2
300 379 5
300 390 5
300 392 3
300 402 4
300 403 3
300 421 0
301 329 1
301 338 5
301 371 5
301 377 5
301 383 0
301 391 1
301 400 5
301 411 3
301 415 5
301 423 5
302 345 3
302 348 4
302 353 2
302 359 0
302 425 5
303 304 1
303 330 3
303 340 5
303 347 1
303 360 1
303 375 0
303 422 0
303 426 3
303 428 4
304 320 5
304 323 3
304 329 2
304 333 2
304 359 5
304 378 4
304 380 5
304 381 4
304 385 3
304 410 2
305 354 5
305 373 2
305 376 2
305 389 5
305 394 3
305 400 1
306 317 2
306 337 5
306 370 5
306 375 5
306 391 5
306 407 0
306 430 1
307 315 3
307 316 1
307 321 0
307 329 0
307 332 5
307 341 1
307 394 2
307 401 1
307 416 2
307 427 4
308 313 5
308 319 4
308 325 4
308 355 4
308 357 3
308 375 2
308 406 1
308 413 0
309 357 5
309 367 0
309 373 5
309 403 2
309 404 1
309 412 4
310 347 4
310 350 3
310 373 2
310 376 5
310 379 4
310 400 5
310 435 5
311 379 0
311 421 5
311 424 2
311 425 2
311 431 0
312 328 4
312 335 4
312 345 5
312 356 5
312 365 1
312 372 5
312 386 5
312 406 3
312 427 2
313 318 2
313 321 4
313 324 2
313 373 3
313 376 3
313 383 2
313 396 5
313 397 2
313 401 0
313 413 1
313 431 0
313 435 1
313 437 5
314 350 3
314 354 3
314 378 5
314 379 3
314 380 3
314 383 5
314 389 2
314 404 4
314 410 2
314 411 3
315 318 3
315 339 3
315 367 4
315 378 3
315 404 0
315 405 5
315 412 3
315 417 5
316 320 2
316 329 2
316 333 1
316 336 4
316 347 4
316 350 1
316 389 3
316 410 4
316 425 5
317 318 5
317 340 5
317 372 4
317 387 5
317 391 2
317 409 4
317 419 4
317 429 5
318 342 2
318 348 0
318 352 3
318 353 5
318 354 3
318 355 1
318 384 1
318 388 3
318 434 2
319 328 3
319 332 3
319 336 5
319 343 2
319 358 5
319 359 3
319 360 1
319 364 5
319 407 5
319 422 1
319 427 2
319 439 4
320 333 3
320 375 2
320 404 2
320 408 0
320 438 5
321 325 3
321 328 3
321 330 5
321 336 3
321 339 2
321 341 3
321 364 3
321 394 2
321 420 3
321 421 1
321 426 1
321 433 3
321 439 1
321 444 4
322 338 5
322 362 1
322 364 3
322 378 2
322 381 5
322 392 5
322 411 0
322 413 4
322 424 5
322 429 3
322 433 5
322 436 2
323 324 1
323 344 1
323 350 5
323 356 3
323 357 2
323 367 0
323 396 3
323 397 0
323 414 4
323 436 1
324 335 5
324 346 1
324 364 3
324 365 5
324 369 3
324 372 5
324 373 0
324 382 5
324 391 5
324 396 5
324 408 3
324 416 1
324 421 5
324 434 4
324 445 3
325 330 3
325 343 2
325 365 5
325 375 1
325 397 4
325 443 2
326 339 5
326 346 2
326 355 0
326 356 3
326 360 3
326 363 0
326 376 3
327 347 5
327 352 5
327 388 4
327 401 2
327 404 3
327 408 3
327 415 4
327 420 2
327 442 4
328 332 4
328 337 0
328 340 1
328 351 4
328 365 3
328 370 4
328 373 5
328 396 1
328 399 1
328 412 3
328 439 4
328 444 5
329 334 2
329 347 2
329 364 1
329 380 1
329 383 2
329 387 0
329 422 5
330 356 4
330 377 3
330 378 3
330 382 2
330 383 4
330 386 0
330 389 4
330 394 1
330 411 3
330 453 0
331 341 4
331 359 1
331 364 3
331 370 2
331 384 3
331 406 2
331 423 1
331 439 1
331 454 1
331 456 2
332 347 1
332 357 1
332 359 5
332 373 0
332 380 3
332 392 5
332 405 4
333 336 4
333 358 4
333 361 3
333 373 2
333 378 2
333 399 1
333 401 5
333 415 5
333 427 2
333 439 2
333 458 3
334 354 3
334 360 1
334 369 3
334 415 3
334 417 1
334 419 1
334 423 1
334 458 2
335 373 0
335 378 5
335 393 5
335 404 0
335 407 4
335 426 1
335 438 5
335 439 4
335 442 2
335 443 3
336 351 2
336 373 1
336 376 2
336 379 2
336 408 3
336 418 5
336 423 0
336 427 3
336 432 5
336 448 4
337 364 2
337 367 3
337 399 2
337 401 0
337 410 0
338 354 4
338 359 1
338 366 4
338 380 4
338 410 5
338 411 3
338 412 4
338 414 2
338 432 3
338 437 5
338 444 5
338 450 1
338 459 3
339 340 0
339 341 5
339 370 4
339 390 2
339 394 0
339 396 5
339 407 2
339 414 5
339 423 5
339 444 5
339 448 0
340 341 4
340 361 2
340 364 1
340 369 2
340 374 1
340 409 5
340 410 5
340 425 2
340 439 5
340 447 1
341 349 5
341 350 2
341 357 2
341 410 5
341 413 5
341 434 5
341 457 2
342 359 4
342 398 5
342 408 2
342 424 2
342 430 4
342 432 1
342 433 1
342 461 1
343 360 3
343 361 2
343 382 1
343 384 3
343 397 5
343 403 5
343 407 2
343 410 1
343 417 3
343 434 5
343 440 3
343 443 4
343 459 1
343 463 4
344 354 3
344 366 5
344 377 1
344 396 3
344 445 1
344 446 2
344 464 5
345 353 1
345 369 5
345 374 5
345 377 4
345 386 5
345 405 2
345 433 1
345 442 0
345 458 1
345 467 3
345 469 5
346 367 2
346 383 3
346 398 3
346 408 1
346 434 5
346 448 0
346 470 1
347 350 3
347 354 1
347 365 5
347 372 5
347 378 0
347 434 1
347 438 5
347 465 4
347 467 4
348 354 2
348 370 5
348 371 3
348 374 0
348 382 1
348 384 5
348 398 5
348 406 0
348 411 4
348 419 1
348 439 4
348 449 5
348 458 3
348 469 3
348 471 3
349 368 4
349 370 5
349 373 2
349 406 3
349 408 5
349 423 1
349 449 1
349 456 5
350 369 5
350 382 5
350 400 4
350 440 1
350 450 1
350 455 1
350 457 5
351 355 4
351 364 2
351 367 3
351 370 5
351 390 2
351 426 1
351 428 2
351 431 0
351 473 2
352 358 5
352 359 1
352 385 2
352 387 3
352 391 3
352 405 5
352 407 3
352 411 5
352 415 2
352 422 5
352 423 2
352 425 4
352 446 1
352 454 0
352 473 1
353 378 1
353 385 3
353 394 0
353 400 4
353 426 4
353 427 0
353 438 1
353 450 3
353 454 4
353 474 0
353 475 1
354 388 1
354 412 5
354 413 5
354 432 3
354 460 1
354 479 3
355 395 5
355 422 5
355 434 5
355 441 1
355 443 5
355 454 4
355 464 4
355 473 5
356 374 5
356 389 4
356 410 5
356 414 4
356 420 0
356 422 0
356 427 4
356 438 2
356 439 5
356 441 1
356 444 5
356 451 5
356 454 2
357 368 2
357 372 2
357 375 5
357 376 5
357 378 5
357 399 2
357 402 2
357 436 4
357 445 3
358 361 1
358 376 2
358 381 2
358 404 1
358 416 2
358 420 3
358 424 5
358 436 5
358 441 5
358 444 5
358 453 0
358 472 3
359 370 3
359 375 4
359 377 3
359 395 5
359 397 5
359 413 3
359 422 3
359 423 3
359 429 3
359 431 2
359 436 5
359 441 5
359 450 1
359 471 5
360 366 0
360 376 4
360 386 1
360 403 5
360 429 5
360 441 1
360 442 0
360 456 3
360 464 3
360 478 5
360 479 2
361 376 3
361 380 3
361 382 4
361 389 2
361 396 1
361 417 1
361 423 2
361 438 2
361 449 0
361 451 3
361 460 3
361 472 1
361 473 5
361 486 2
362 373 4
362 376 3
362 395 0
362 400 1
362 422 3
362 423 2
362 437 5
362 445 5
362 465 4
362 477 5
363 398 5
363 417 2
363 454 4
363 463 2
363 476 2
364 366 0
364 369 5
364 387 1
364 395 3
364 403 3
364 405 5
364 407 5
364 417 3
364 425 5
364 435 2
364 444 5
364 462 1
365 376 5
365 381 3
365 390 4
365 392 4
365 403 0
365 411 0
365 445 4
365 457 3
365 461 5
365 466 3
366 370 3
366 375 4
366 383 4
366 389 4
366 393 4
366 406 1
366 410 4
366 427 4
366 447 5
366 460 2
366 476 4
366 491 4
367 385 1
367 390 4
367 408 5
367 419 5
367 423 5
367 440 1
367 442 4
367 446 5
367 449 4
367 455 5
367 463 5
367 464 5
367 473 1
367 485 2
368 369 3
368 371 3
368 398 5
368 400 5
368 402 1
368 413 4
368 422 1
368 444 4
368 465 2
368 469 0
368 477 3
369 374 5
369 404 5
369 415 5
369 431 1
369 437 1
369 439 0
369 440 4
369 444 2
369 451 3
369 474 2
369 478 3
369 486 5
369 490 3
369 491 5
369 492 1
370 376 1
370 380 3
370 385 1
370 387 1
370 399 4
370 400 2
370 409 4
370 418 2
370 433 2
370 437 5
370 446 3
370 454 5
370 455 5
370 477 5
370 486 1
370 487 3
371 376 3
371 384 4
371 410 0
371 437 4
371 441 5
371 451 1
371 452 1
371 461 5
371 473 1
371 486 0
371 488 4
371 496 2
372 383 1
372 384 3
372 388 4
372 397 2
372 408 5
372 412 5
372 421 4
372 435 1
372 440 5
372 441 0
372 452 5
372 464 1
372 479 2
372 496 2
373 379 1
373 385 2
373 424 4
373 445 4
373 475 0
373 476 3
373 484 0
373 488 5
373 490 2
373 494 5
374 390 5
374 392 5
374 393 2
374 444 4
374 457 5
374 460 2
374 471 5
374 487 5
374 490 2
374 496 5
375 378 1
375 386 5
375 389 4
375 394 4
375 398 1
375 419 5
375 429 2
375 434 5
375 445 2
375 473 2
375 479 4
375 484 2
375 486 1
375 491 4
375 497 3
376 377 0
376 393 4
376 398 5
376 428 4
376 448 4
376 452 2
376 464 5
376 483 5
376 484 4
376 485 0
376 495 1
377 395 1
377 396 4
377 398 3
377 403 2
377 409 2
377 412 3
377 418 3
377 428 1
377 449 1
377 464 1
377 488 1
378 386 4
378 396 5
378 406 2
378 416 4
378 427 3
378 428 5
378 431 2
378 453 0
378 468 2
378 474 4
378 475 4
378 481 4
378 482 5
379 393 1
379 399 1
379 412 1
379 414 5
379 442 5
379 462 4
379 475 5
380 390 4
380 394 1
380 406 5
380 412 5
380 437 1
380 474 5
380 483 2
380 495 3
380 498 0
381 398 1
381 399 0
381 408 2
381 414 3
381 447 3
381 479 4
381 490 5
381 493 5
381 495 5
382 407 4
382 408 2
382 423 3
382 427 2
382 462 3
382 470 3
382 481 5
383 398 2
383 402 2
383 420 5
383 426 4
383 453 1
383 462 3
383 483 2
383 491 2
384 416 0
384 417 1
384 419 4
384 428 1
384 429 0
384 451 3
384 473 5
384 478 3
384 495 3
385 455 0
385 459 1
385 482 2
385 488 3
386 400 2
386 402 5
386 403 2
386 412 3
386 426 2
386 442 3
386 448 2
386 458 5
386 481 3
386 484 2
386 490 5
386 492 5
387 399 2
387 430 2
387 431 4
387 436 5
387 442 5
387 460 2
387 469 4
387 472 5
387 474 1
387 493 1
388 397 3
388 412 4
388 413 3
388 426 4
388 429 1
388 437 5
388 439 5
388 445 5
388 456 5
388 476 3
388 495 3
389 392 1
389 402 3
389 403 5
389 411 3
389 437 4
389 457 5
389 467 1
390 397 5
390 419 1
390 439 1
390 450 3
390 468 4
390 495 3
390 498 5
391 405 0
391 406 2
391 408 3
391 411 5
391 412 3
391 415 2
391 422 1
391 442 1
391 471 5
391 478 5
391 488 0
391 500 0
392 413 3
392 414 2
392 435 1
392 444 5
392 449 4
392 453 4
392 459 4
392 460 1
392 474 1
392 479 3
392 482 4
392 489 3
392 492 4
393 399 4
393 422 2
393 442 1
393 447 1
393 448 5
393 467 5
393 491 5
393 495 0
393 497 5
393 498 5
393 499 2
394 422 0
394 432 1
394 433 1
394 439 3
394 451 1
394 458 5
394 488 3
395 397 1
395 399 5
395 417 2
395 437 4
395 499 5
396 397 5
396 402 1
396 409 2
396 414 3
396 432 3
396 435 5
396 450 5
396 458 4
396 461 5
397 398 5
397 400 1
397 422 1
397 423 4
397 424 4
397 433 1
397 442 5
397 467 5
397 480 5
397 499 5
398 415 2
398 467 4
398 481 4
398 490 4
398 498 4
399 412 4
399 418 5
399 430 1
399 441 5
399 445 5
399 498 1
400 410 5
400 417 2
400 430 1
400 433 2
400 438 4
400 460 4
400 479 1
400 496 2
400 499 2
401 407 2
401 422 4
401 429 4
401 430 5
401 435 4
401 461 4
401 476 4
401 488 0
401 493 3
401 495 3
401 498 5
402 405 5
402 416 5
402 421 3
402 428 3
402 434 3
402 447 1
402 450 5
402 458 5
403 406 3
403 408 5
403 429 4
403 431 5
403 471 4
403 473 4
403 482 2
404 410 5
404 433 5
404 440 2
404 444 1
404 450 0
404 464 4
404 480 3
404 487 1
404 488 5
404 493 5
404 494 5
405 408 1
405 415 1
405 418 2
405 438 5
405 461 1
405 473 2
405 485 5
405 491 5
405 500 3
406 407 5
406 409 4
406 410 4
406 416 2
406 419 3
406 425 3
406 427 1
406 433 1
406 445 5
406 449 5
406 452 4
406 456 4
406 464 4
406 478 0
406 485 5
406 486 4
406 488 3
406 491 2
407 413 3
407 424 4
407 430 2
407 438 4
407 442 5
407 464 3
407 467 1
407 471 3
407 477 3
407 479 5
407 488 4
407 489 1
408 416 4
408 422 4
408 429 2
408 442 2
408 447 5
408 449 5
408 453 1
408 460 2
408 481 5
408 482 3
408 487 5
408 491 5
408 492 4
408 498 5
409 416 3
409 418 3
409 443 1
409 444 2
409 472 1
409 484 4
409 495 1
409 498 2
410 419 4
410 440 1
410 444 0
410 446 0
410 452 3
410 459 0
410 466 3
410 473 5
410 474 1
410 476 0
410 479 2
410 483 5
410 497 5
411 415 1
411 422 5
411 431 1
411 441 3
411 442 4
411 444 5
411 457 2
411 459 5
411 463 1
411 470 1
411 471 5
411 477 2
411 479 5
411 485 5
411 492 1
411 494 1
411 497 5
412 417 4
412 455 5
412 464 0
412 468 5
412 479 4
412 494 1
412 500 4
413 416 5
413 422 3
413 434 5
413 435 2
413 442 1
413 445 2
413 473 5
413 476 2
413 485 2
413 487 3
413 492 5
414 431 5
414 435 1
414 443 5
414 457 2
414 458 4
414 468 1
414 480 3
414 493 0
415 419 5
415 420 5
415 427 1
415 436 3
415 438 3
415 440 5
415 444 5
415 449 4
415 456 4
415 460 0
415 475 2
415 483 3
415 486 5
415 493 5
415 498 4
416 427 5
416 429 4
416 431 4
416 432 2
416 443 4
416 445 4
416 451 2
416 465 4
416 478 4
416 481 5
417 430 0
417 433 4
417 442 3
417 446 3
417 452 2
417 475 5
417 482 5
417 483 5
417 493 1
417 497 5
418 430 1
418 436 2
418 441 0
418 474 5
418 477 4
418 482 5
418 483 3
418 486 3
418 489 0
418 492 4
418 495 1
419 421 2
419 422 4
419 474 2
419 476 2
419 495 5
419 499 5
420 432 3
420 433 1
420 434 3
420 498 5
421 432 4
421 433 1
421 443 3
421 452 5
421 454 5
421 456 5
421 457 1
421 461 2
421 498 4
422 432 1
422 441 2
422 446 5
422 451 1
422 455 5
422 461 1
422 471 3
422 481 1
422 486 1
422 490 2
422 495 0
423 432 3
423 438 2
423 449 5
423 451 1
423 457 1
423 458 4
423 473 5
423 478 3
423 483 2
423 498 0
424 432 1
424 440 5
424 451 3
424 461 3
424 478 0
424 496 4
424 497 0
424 499 2
425 427 4
425 430 5
425 437 3
425 447 3
425 448 1
425 456 3
425 459 3
425 477 3
425 481 0
425 488 2
425 494 1
425 497 3
426 430 4
426 432 1
426 435 2
426 446 4
426 452 3
426 458 3
426 470 0
426 473 0
426 486 3
426 490 2
426 500 4
427 447 1
427 452 2
427 459 1
427 466 4
427 469 5
427 478 5
427 490 1
427 491 1
427 492 5
427 495 0
427 498 4
427 500 3
428 447 4
428 455 2
428 456 5
428 473 1
428 474 5
428 475 3
428 480 1
428 482 5
428 484 1
428 487 3
428 500 2
429 438 5
429 440 1
429 443 3
429 449 5
429 468 5
429 471 1
429 484 5
429 487 2
429 492 5
429 493 4
429 496 4
430 440 3
430 453 2
430 455 5
430 460 2
430 465 4
430 467 3
430 468 0
430 470 5
430 478 5
430 479 1
430 489 2
430 491 4
431 437 5
431 449 5
431 456 3
431 457 4
431 469 3
431 474 2
431 482 5
431 485 5
431 486 2
431 487 5
431 493 4
432 436 4
432 439 4
432 445 0
432 450 2
432 451 4
432 452 2
432 466 3
432 470 4
432 473 0
432 490 4
433 439 2
433 447 3
433 457 5
433 458 4
433 459 3
433 464 5
433 477 2
433 483 1
433 498 4
433 499 1
433 500 3
434 435 2
434 449 5
434 465 3
434 469 5
434 475 2
434 476 4
434 477 1
434 480 1
434 481 2
434 491 3
434 496 1
435 444 1
435 450 4
435 459 4
435 460 5
435 469 4
435 471 5
435 475 1
435 476 4
435 477 5
435 480 5
435 484 4
435 492 5
436 448 4
436 449 3
436 459 1
436 461 4
436 467 2
436 468 4
436 469 1
436 478 3
436 482 5
436 486 2
437 441 4
437 443 2
437 445 0
437 450 3
437 453 5
437 456 4
437 464 0
437 465 3
437 489 3
437 493 0
438 452 4
438 455 1
438 457 4
438 460 1
438 461 4
438 464 1
438 478 1
438 485 4
438 489 5
438 494 5
438 496 3
438 500 1
439 442 5
439 443 2
439 444 2
439 446 1
439 463 1
439 470 5
439 473 2
439 474 4
439 481 1
439 482 2
439 484 5
439 487 5
439 494 5
439 496 1
440 441 2
440 444 3
440 446 5
440 448 3
440 463 4
440 467 1
440 468 0
440 483 3
440 493 0
440 497 2
441 451 5
441 455 3
441 465 4
441 470 5
441 480 5
441 491 2
441 492 4
441 494 0
441 498 3
441 500 0
442 444 1
442 448 5
442 457 5
442 461 0
442 462 3
442 488 1
442 492 2
442 495 5
443 445 5
443 450 3
443 451 2
443 452 4
443 453 4
443 455 4
443 468 4
443 485 3
443 497 5
443 498 3
444 468 3
444 479 0
444 482 3
444 486 1
444 490 2
444 498 0
444 500 0
445 448 3
445 458 3
445 460 3
445 474 4
445 480 0
445 486 2
445 491 3
445 495 0
445 499 4
446 462 3
446 465 2
446 467 2
446 472 1
446 476 2
446 482 1
446 483 0
446 488 2
446 493 1
446 496 5
446 500 4
447 460 3
447 472 5
447 480 1
447 487 3
447 497 5
447 498 5
448 456 5
448 462 3
448 471 3
448 480 5
448 484 5
448 490 0
448 491 2
449 459 3
449 479 5
449 498 1
449 499 2
450 454 5
450 458 5
450 460 1
450 468 0
450 470 5
450 481 2
450 482 1
450 485 4
450 490 2
450 500 4
451 455 3
451 463 4
451 467 2
451 468 5
451 470 5
451 473 3
451 474 2
451 482 1
451 485 2
451 488 2
451 493 5
451 494 5
451 500 0
452 463 0
452 469 5
452 472 5
452 480 4
452 481 2
452 482 4
452 488 1
452 489 0
452 490 0
452 493 1
452 497 5
453 455 0
453 456 5
453 461 5
453 464 1
453 466 5
453 474 3
453 475 3
453 477 5
454 465 2
454 466 2
454 468 3
454 469 1
454 479 5
454 481 1
454 483 2
454 487 5
454 494 0
454 495 4
454 496 5
454 500 0
455 456 1
455 459 5
455 466 4
455 469 0
455 477 1
455 480 4
455 481 1
455 486 1
455 495 0
455 496 4
455 498 3
455 499 1
456 457 4
456 460 1
456 466 1
456 468 1
456 470 2
456 473 4
456 485 2
456 489 1
456 493 5
456 497 4
456 500 5
457 459 1
457 462 5
457 471 2
457 491 5
458 460 3
458 465 4
458 468 5
458 470 4
458 471 5
458 473 5
458 481 1
458 483 5
458 486 5
458 488 1
458 490 1
458 495 5
459 478 5
459 481 2
459 491 5
459 496 2
460 462 2
460 466 5
460 475 0
460 480 5
460 482 1
460 483 1
460 488 4
460 490 0
460 497 4
461 462 5
461 467 3
461 471 1
461 478 1
461 481 5
461 484 3
461 490 1
461 492 4
461 494 4
461 500 2
462 463 0
462 464 3
462 468 3
462 488 3
462 490 1
462 492 3
462 499 5
463 464 3
463 465 4
463 467 1
463 468 4
463 469 5
463 475 1
463 482 5
463 485 4
464 473 1
464 474 5
464 478 5
464 484 5
464 488 0
464 493 5
464 495 1
464 497 5
464 498 3
464 499 3
465 472 1
465 475 2
465 480 0
465 486 1
465 487 1
465 490 4
465 491 3
465 499 4
465 500 3
466 467 3
466 468 2
466 472 2
466 474 1
466 478 3
466 481 5
466 483 4
466 484 1
466 486 1
466 488 2
466 491 3
466 493 2
467 470 5
467 471 4
467 473 3
467 476 3
467 477 4
467 480 4
467 484 5
467 488 4
467 498 0
468 469 5
468 474 1
468 476 0
468 478 5
468 480 3
468 485 5
468 486 1
468 490 2
468 491 4
468 493 5
469 470 5
469 475 1
469 480 1
469 483 4
469 484 5
469 492 5
469 494 5
469 499 5
469 500 1
470 474 4
470 488 4
470 489 2
470 491 3
470 492 1
470 500 5
471 472 3
471 473 4
471 476 2
471 477 3
471 479 0
471 481 1
471 484 5
471 490 4
471 494 4
471 497 1
472 474 0
472 475 2
472 478 5
472 479 1
472 480 1
472 481 4
472 490 2
472 498 3
472 500 3
473 474 4
473 485 5
473 487 1
473 492 5
473 494 4
473 497 5
473 499 5
474 477 4
474 480 1
474 481 0
474 482 5
474 493 4
474 495 4
474 498 5
474 500 3
475 477 5
475 479 5
475 480 2
475 481 0
475 484 1
475 489 3
475 492 5
475 495 5
475 498 5
475 500 1
476 485 4
476 486 5
476 489 3
476 494 3
477 483 4
477 486 4
477 487 5
477 489 3
477 490 0
477 492 2
477 495 1
478 481 2
478 483 4
478 487 3
478 490 2
478 492 3
478 494 5
478 495 2
478 497 2
478 498 0
478 499 5
479 481 2
479 487 1
479 494 5
479 498 2
480 484 5
480 485 5
480 487 3
480 491 5
480 492 4
480 493 3
480 497 3
480 498 2
480 500 0
481 486 2
481 487 4
481 488 3
481 489 3
481 491 4
481 494 3
481 496 5
481 497 4
481 498 4
482 483 2
482 484 1
482 486 4
482 488 5
482 489 2
482 491 2
482 494 4
482 495 5
482 496 5
482 499 2
482 500 4
483 484 5
483 485 3
483 486 1
483 487 4
483 489 5
483 491 1
483 492 2
483 497 5
483 498 3
483 500 4
484 485 4
484 487 1
484 488 1
484 490 5
484 492 4
484 497 4
484 499 1
484 500 2
485 487 3
485 488 5
485 489 3
485 491 5
485 494 1
485 498 2
485 500 2
486 487 5
486 488 2
486 491 0
486 498 0
486 500 2
487 488 2
487 490 5
487 491 5
487 492 5
487 493 4
487 495 1
487 496 2
487 497 4
487 499 4
487 500 1
488 489 2
488 490 0
488 491 1
488 493 3
488 495 4
488 497 1
488 498 1
488 500 4
489 490 3
489 492 4
489 494 3
489 495 3
489 496 3
489 497 5
489 498 5
489 500 5
490 494 5
490 500 3
491 492 2
491 496 1
491 497 5
491 500 3
492 493 3
492 494 1
492 495 2
492 496 2
492 497 3
492 498 1
492 499 0
493 494 1
493 495 3
493 496 5
493 497 4
493 498 1
493 499 1
493 500 4
494 496 2
494 497 2
494 498 1
494 499 1
494 500 2
495 496 1
495 497 1
495 498 5
495 499 2
495 500 5
496 497 5
496 498 5
496 499 3
496 500 2
497 499 1
497 500 0
498 499 5
498 500 5
499 500 5
