100 959 1 
1 2 3
1 5 5
1 15 1
1 17 2
1 19 0
2 5 1
2 6 0
2 8 2
2 10 4
2 11 5
2 12 3
2 14 4
2 17 2
2 18 1
2 21 3
2 25 5
2 26 3
2 27 1
3 6 0
3 7 1
3 9 5
3 10 1
3 11 1
3 15 2
3 18 5
3 19 3
3 20 0
3 21 5
3 23 5
3 24 3
3 28 5
4 5 5
4 8 4
4 9 5
4 12 5
4 16 4
4 18 5
4 20 3
4 21 4
4 23 5
4 24 1
5 7 4
5 9 2
5 11 1
5 16 4
5 18 5
5 19 2
5 20 0
5 21 5
5 23 3
5 26 1
5 27 3
5 28 1
5 29 4
6 10 5
6 12 4
6 16 1
6 17 1
6 19 5
6 20 4
6 21 5
6 22 1
6 23 5
6 24 4
6 25 4
6 27 2
6 28 1
7 8 3
7 11 5
7 14 0
7 18 5
7 20 3
7 21 0
7 26 4
7 28 3
7 30 5
7 32 0
8 9 5
8 11 5
8 12 4
8 16 5
8 17 0
8 21 2
8 22 3
8 24 5
8 25 2
8 26 1
8 29 5
8 31 1
8 33 1
9 11 4
9 13 0
9 14 0
9 15 3
9 17 1
9 24 5
9 25 4
9 29 5
9 32 3
9 34 2
10 13 3
10 15 0
10 18 4
10 20 2
10 24 2
10 29 5
10 31 4
10 32 1
11 13 4
11 14 3
11 15 4
11 16 5
11 20 4
11 21 3
11 25 4
11 28 5
11 31 1
11 32 4
11 36 5
12 14 4
12 19 4
12 20 2
12 23 5
12 29 3
12 30 3
12 32 1
12 33 5
12 34 3
12 36 5
13 14 5
13 17 4
13 19 1
13 20 3
13 26 1
13 28 0
13 32 5
13 36 4
14 15 1
14 17 3
14 18 5
14 19 0
14 22 5
14 26 5
14 28 1
14 31 0
14 34 1
14 37 3
14 38 1
14 39 3
15 20 2
15 21 2
15 25 1
15 27 2
15 28 1
15 29 3
15 30 5
15 32 4
15 33 3
15 39 4
15 40 2
16 21 2
16 23 4
16 24 5
16 25 5
16 27 2
16 30 5
16 39 4
17 20 1
17 25 4
17 27 0
17 29 1
17 30 4
17 32 5
17 33 0
17 36 2
17 38 3
17 40 2
17 42 2
18 19 2
18 21 5
18 24 1
18 28 2
18 30 1
18 31 5
18 32 1
18 34 4
18 39 5
18 42 1
19 22 1
19 24 4
19 28 1
19 29 5
19 30 3
19 31 3
19 33 0
19 38 3
19 41 5
19 44 0
20 26 0
20 27 1
20 30 4
20 32 4
20 34 5
20 35 5
20 36 2
20 37 1
20 41 5
20 45 5
21 27 5
21 29 3
21 31 5
21 34 1
21 38 5
21 40 1
22 23 1
22 24 5
22 25 1
22 26 4
22 29 3
22 31 1
22 34 2
22 35 4
22 37 3
22 38 5
22 41 2
22 42 3
22 43 5
22 45 2
22 46 5
22 47 2
23 24 2
23 28 2
23 31 1
23 33 5
23 40 3
23 43 3
23 46 0
23 47 1
23 48 2
24 28 5
24 33 3
24 34 5
24 36 5
24 38 5
24 39 5
24 41 1
24 43 1
24 45 5
24 49 3
25 27 2
25 33 3
25 37 5
25 39 3
25 41 1
25 44 1
25 45 0
25 47 0
25 50 0
26 27 3
26 28 5
26 29 3
26 30 4
26 33 1
26 34 2
26 36 4
26 37 4
26 39 1
26 40 5
26 44 1
26 48 0
26 51 3
27 29 3
27 30 2
27 33 4
27 34 3
27 36 2
27 39 5
27 41 2
27 43 5
27 49 2
28 30 3
28 32 5
28 35 5
28 37 3
28 42 4
28 48 2
28 51 1
28 53 3
29 32 2
29 33 1
29 35 3
29 36 4
29 45 3
29 46 4
29 48 5
29 54 1
30 36 1
30 37 1
30 38 1
30 42 1
30 43 0
30 45 5
30 47 5
30 49 2
30 53 0
30 54 2
30 55 0
31 33 3
31 34 2
31 38 2
31 41 1
31 42 0
31 44 1
31 46 5
31 48 5
31 49 1
31 52 2
31 53 1
31 54 4
31 56 0
32 35 5
32 37 3
32 38 5
32 41 4
32 42 1
32 43 5
32 44 0
32 50 4
32 54 0
32 56 1
33 37 4
33 40 2
33 41 5
33 42 4
33 43 2
33 44 5
33 45 2
33 50 4
33 51 4
33 52 2
33 54 0
33 55 3
33 56 5
33 57 2
33 58 5
34 38 1
34 41 0
34 42 5
34 43 1
34 45 5
34 48 1
34 49 5
34 56 2
34 59 5
35 39 4
35 43 1
35 44 4
35 45 0
35 51 3
35 53 3
35 55 5
36 37 5
36 40 4
36 42 5
36 43 5
36 44 4
36 48 0
36 52 5
36 57 3
36 58 3
36 59 1
36 60 3
36 61 3
37 40 5
37 41 4
37 42 3
37 44 5
37 46 0
37 48 3
37 49 1
37 52 5
37 54 2
37 55 3
37 56 5
37 59 1
37 61 5
38 39 5
38 40 2
38 41 5
38 42 1
38 43 5
38 44 5
38 46 2
38 47 4
38 48 1
38 51 5
38 52 4
38 57 1
38 58 5
38 59 2
38 60 1
38 61 3
38 63 2
39 40 5
39 43 1
39 44 1
39 47 3
39 48 3
39 49 5
39 51 5
39 52 4
39 53 2
39 57 5
39 58 5
39 59 2
39 60 4
39 61 1
39 62 0
39 63 4
39 64 5
40 41 5
40 45 3
40 47 2
40 50 1
40 51 0
40 54 2
40 55 1
40 57 1
40 61 0
40 63 3
40 65 5
41 43 3
41 45 4
41 48 3
41 49 3
41 50 5
41 51 1
41 53 1
41 54 5
41 61 0
41 63 5
41 65 3
41 66 3
42 45 1
42 46 1
42 53 4
42 55 3
42 59 1
42 61 1
42 62 5
42 63 1
42 64 4
42 65 5
42 66 3
43 44 3
43 45 2
43 46 5
43 48 5
43 50 5
43 54 5
43 58 2
43 63 1
43 64 0
43 67 5
44 46 3
44 48 2
44 53 2
44 68 2
44 69 0
45 46 2
45 47 5
45 49 4
45 51 2
45 54 5
45 61 4
45 64 4
45 65 4
45 66 5
45 67 0
46 49 3
46 51 2
46 54 4
46 56 2
46 57 4
46 59 3
46 60 0
46 64 0
46 66 3
46 67 2
46 69 5
46 70 5
46 71 5
47 52 5
47 54 3
47 55 5
47 57 5
47 60 1
47 67 3
47 68 2
47 69 1
47 70 2
47 71 0
47 72 1
48 49 4
48 51 2
48 52 2
48 53 2
48 56 3
48 62 3
48 64 2
48 66 1
48 67 2
48 70 1
49 50 3
49 52 5
49 55 4
49 58 5
49 59 4
49 60 3
49 62 5
49 63 0
49 64 5
49 65 1
49 66 5
49 67 1
49 69 4
49 71 5
49 72 2
49 73 3
49 74 4
50 52 4
50 53 5
50 62 2
50 63 4
50 64 2
50 65 1
50 70 3
51 52 5
51 53 0
51 56 0
51 57 4
51 58 2
51 59 1
51 60 2
51 62 3
51 63 0
51 65 4
51 67 4
51 68 1
51 69 3
51 72 4
51 73 2
51 74 5
51 76 0
52 53 3
52 54 0
52 55 0
52 59 1
52 60 1
52 62 5
52 65 4
52 73 5
53 57 1
53 59 5
53 60 5
53 62 5
53 63 5
53 67 3
53 68 5
53 75 4
53 77 0
53 78 4
54 60 4
54 62 5
54 63 5
54 64 3
54 76 1
54 78 2
54 79 4
55 59 2
55 60 2
55 62 5
55 65 4
55 66 4
55 67 2
55 69 1
55 71 4
55 72 5
55 76 1
55 78 2
55 80 3
56 59 3
56 62 2
56 63 2
56 67 0
56 72 3
56 74 2
57 58 5
57 60 5
57 62 1
57 63 4
57 64 2
57 67 2
57 68 0
57 69 0
57 71 4
57 72 4
57 73 1
57 77 1
57 80 4
58 59 1
58 63 5
58 67 3
58 68 4
58 73 3
58 75 2
58 79 4
58 81 1
58 83 3
59 61 0
59 62 1
59 66 5
59 67 5
59 71 3
59 75 4
59 77 2
59 78 1
59 79 1
59 80 3
59 83 5
59 84 4
60 61 0
60 63 4
60 65 4
60 66 2
60 71 3
60 74 5
60 77 4
60 83 4
60 85 3
61 63 2
61 64 2
61 67 5
61 69 2
61 72 0
61 77 5
61 78 5
61 79 3
61 85 4
61 86 2
62 66 1
62 71 1
62 72 0
62 75 1
62 76 5
62 79 1
62 80 5
62 87 5
63 64 2
63 65 4
63 66 4
63 69 5
63 73 5
63 74 3
63 75 1
63 76 3
63 77 2
63 78 1
64 65 5
64 66 4
64 68 4
64 71 2
64 73 2
64 81 2
64 83 4
64 84 1
64 87 5
65 69 4
65 71 5
65 72 5
65 75 4
65 77 4
65 78 3
65 80 5
65 83 0
65 84 3
65 88 5
65 90 5
66 67 5
66 68 5
66 75 4
66 78 2
66 85 5
66 91 1
67 69 3
67 73 5
67 75 4
67 76 2
67 81 5
67 83 3
67 85 3
67 87 0
67 89 2
67 90 5
67 91 5
68 69 2
68 73 3
68 76 5
68 78 5
68 80 1
68 81 2
68 85 5
68 91 5
68 92 3
69 71 5
69 73 2
69 79 3
69 80 3
69 81 3
69 82 4
69 84 5
69 91 5
69 93 2
69 94 5
70 73 5
70 74 5
70 75 5
70 77 3
70 79 3
70 80 4
70 81 5
70 82 4
70 83 0
70 84 1
70 85 2
70 91 2
70 92 4
70 94 5
70 95 1
71 76 2
71 77 3
71 79 0
71 84 0
71 85 3
71 86 3
71 87 5
71 89 4
71 91 5
71 92 5
71 94 1
72 73 4
72 74 2
72 75 1
72 76 1
72 77 4
72 78 1
72 79 2
72 82 5
72 83 0
72 84 4
72 87 5
72 93 5
72 94 4
72 97 0
73 75 4
73 76 1
73 78 4
73 84 5
73 91 0
73 92 5
73 94 5
73 95 3
74 76 0
74 77 1
74 84 5
74 86 4
74 87 3
74 89 5
74 92 4
74 93 3
74 94 2
74 95 1
74 96 3
74 97 0
74 98 5
75 79 3
75 86 1
75 88 4
75 89 1
75 93 3
75 94 5
75 98 4
75 100 2
76 77 2
76 81 5
76 82 2
76 83 4
76 84 5
76 88 0
76 90 4
76 95 2
76 98 5
77 81 2
77 83 4
77 85 1
77 87 4
77 90 4
77 91 2
77 92 3
77 96 0
77 99 5
78 80 3
78 81 2
78 82 2
78 86 2
78 91 4
78 96 0
78 99 0
78 100 2
79 83 5
79 84 2
79 87 3
79 88 4
79 89 1
79 91 2
79 94 5
79 97 1
79 99 5
80 81 2
80 82 5
80 84 1
80 86 1
80 94 5
80 95 4
80 97 2
80 99 5
80 100 2
81 82 1
81 83 4
81 87 3
81 89 4
81 90 1
81 91 2
81 93 1
81 96 5
82 83 2
82 84 3
82 86 4
82 87 1
82 90 4
82 91 3
82 95 2
82 97 2
82 99 5
82 100 5
83 85 1
83 88 4
83 89 2
83 91 1
83 92 5
83 93 1
83 95 3
83 96 5
83 100 1
84 85 3
84 86 5
84 87 4
84 89 5
84 91 5
84 92 0
84 93 4
84 98 4
84 99 2
84 100 5
85 86 5
85 87 5
85 93 3
85 94 2
85 96 0
85 97 3
85 98 5
85 99 1
85 100 3
86 90 3
86 92 3
86 93 2
86 95 1
86 96 3
86 98 5
86 100 5
87 89 5
87 90 4
87 91 4
87 93 5
87 94 1
87 96 2
87 100 4
88 93 5
88 94 5
88 95 1
88 97 5
88 98 0
88 99 2
89 91 2
89 92 5
89 93 5
89 94 2
89 95 5
89 96 3
89 97 2
89 98 2
89 99 5
89 100 4
90 91 5
90 92 4
90 93 1
90 95 1
90 97 3
90 98 1
90 100 5
91 92 1
91 93 1
91 94 1
91 95 4
91 96 5
91 97 2
91 98 5
91 100 5
92 93 2
92 94 5
92 95 2
92 96 1
92 97 3
92 99 2
92 100 5
93 94 4
93 95 4
93 96 4
93 98 0
93 99 2
93 100 0
94 95 5
94 96 1
94 97 1
94 98 3
94 99 1
95 96 4
95 97 5
95 100 5
96 97 3
96 98 5
96 99 3
96 100 4
97 98 3
97 99 4
97 100 3
98 99 1
98 100 0
99 100 2
