200 1960 10 
1 7 5
1 16 5
1 18 4
1 35 5
2 3 5
2 12 5
2 14 5
2 16 0
2 20 2
2 25 2
2 31 4
2 35 1
2 36 5
2 43 1
2 45 2
2 52 5
3 6 5
3 8 4
3 16 0
3 21 3
3 22 4
3 26 3
3 31 5
3 32 5
3 35 4
3 43 5
3 48 3
4 5 4
4 9 0
4 12 3
4 14 3
4 22 2
4 25 1
4 32 2
4 36 2
4 39 2
4 54 5
5 10 2
5 17 4
5 19 1
5 25 1
5 26 2
5 30 3
5 32 1
5 34 3
5 43 5
5 49 1
6 16 1
6 51 5
6 55 5
7 12 1
7 18 1
7 45 5
7 46 1
7 52 4
7 54 0
8 11 2
8 16 2
8 21 3
8 30 3
8 38 4
8 39 0
8 40 5
8 41 4
8 45 1
8 51 0
8 52 4
8 54 4
8 55 0
9 13 5
9 21 0
9 25 5
9 30 5
9 34 2
9 35 4
9 36 5
9 38 5
9 39 3
9 54 3
9 55 3
9 58 1
9 59 5
10 12 4
10 14 1
10 18 4
10 25 3
10 27 5
10 32 3
10 33 1
10 39 5
10 50 4
11 14 3
11 22 5
11 24 5
11 29 2
11 30 1
11 35 5
11 36 5
11 49 4
11 50 3
11 53 2
11 54 3
11 58 0
12 17 0
12 18 5
12 30 5
12 35 0
12 41 5
12 46 2
12 51 3
12 57 5
12 60 1
12 61 2
13 16 4
13 18 5
13 21 1
13 25 5
13 27 4
13 36 1
13 37 2
13 45 3
13 46 4
13 49 2
13 51 5
13 55 5
13 59 5
13 62 5
14 21 2
14 30 5
14 31 0
14 32 1
14 33 5
14 39 2
14 46 2
14 50 3
14 53 1
15 20 1
15 24 2
15 31 4
15 44 1
15 47 3
15 54 5
15 57 4
15 58 3
15 63 5
16 20 5
16 38 2
16 49 1
16 52 3
16 55 4
16 58 1
16 66 0
17 18 2
17 23 4
17 29 2
17 31 5
17 36 4
17 41 4
17 45 2
17 49 3
17 60 2
17 64 4
17 65 2
18 24 5
18 26 5
18 29 3
18 47 5
18 48 3
18 51 0
18 53 5
18 54 2
18 56 5
18 59 5
18 62 5
18 64 5
18 67 0
19 21 5
19 34 2
19 38 5
19 40 4
19 42 1
19 43 0
19 65 2
19 69 4
20 31 1
20 33 5
20 35 2
20 43 4
20 44 4
20 47 4
20 53 3
20 56 4
20 66 2
20 67 5
20 68 2
20 70 5
21 27 5
21 28 5
21 39 5
21 61 4
21 62 0
21 64 1
21 67 2
21 70 5
22 30 0
22 38 4
22 40 4
22 42 1
22 47 5
22 52 1
22 54 2
22 59 4
22 65 4
22 71 4
22 72 5
23 24 5
23 34 2
23 37 3
23 38 3
23 40 1
23 42 0
23 44 5
23 46 0
23 47 0
23 51 5
23 59 2
23 64 1
23 68 1
24 28 2
24 45 5
24 53 1
24 60 3
24 62 5
24 72 3
24 73 2
24 74 0
25 31 4
25 34 1
25 39 4
25 44 3
25 45 2
25 53 2
25 54 4
25 57 5
25 60 5
25 61 2
25 62 3
25 65 2
25 71 1
26 27 1
26 34 0
26 35 5
26 41 1
26 48 0
26 53 2
26 60 1
26 61 2
26 64 1
26 65 5
26 73 3
26 76 1
27 29 2
27 39 3
27 42 5
27 58 1
27 62 3
27 64 3
27 65 2
27 70 5
27 73 3
27 75 1
28 34 3
28 38 1
28 46 4
28 50 5
28 60 4
28 61 1
28 62 3
28 64 4
28 66 5
28 69 4
28 71 3
28 73 4
28 77 1
28 78 1
29 34 2
29 35 1
29 40 5
29 46 5
29 54 1
29 60 1
29 74 1
29 76 2
29 77 3
30 31 3
30 32 0
30 37 0
30 43 4
30 44 2
30 49 4
30 51 0
30 53 5
30 62 4
30 65 1
30 68 5
30 74 2
31 47 5
31 53 0
31 55 1
31 58 1
31 63 1
31 64 2
31 65 4
31 69 0
31 71 2
31 72 4
31 81 2
32 51 2
32 57 5
32 70 1
32 74 2
32 75 5
32 82 3
33 37 3
33 41 4
33 45 5
33 47 5
33 58 1
33 59 5
33 67 3
33 78 5
33 79 0
33 82 3
34 35 3
34 43 5
34 44 2
34 45 5
34 48 1
34 49 2
34 54 5
34 56 3
34 65 1
34 71 5
34 72 5
34 74 1
34 84 4
35 37 3
35 47 2
35 60 5
35 63 0
35 65 5
35 74 4
35 79 5
35 80 2
35 85 5
36 37 2
36 48 1
36 49 1
36 54 1
36 55 5
36 58 3
36 60 1
36 64 2
36 72 2
36 73 1
36 74 5
36 83 2
36 84 1
36 85 0
36 86 3
37 40 3
37 51 3
37 53 2
37 60 2
37 61 2
37 62 1
37 65 1
37 67 5
37 73 5
37 74 2
37 78 4
37 79 5
37 85 5
38 41 0
38 42 2
38 59 5
38 62 3
38 65 2
38 69 4
38 70 3
38 72 4
38 73 5
38 78 5
38 80 3
38 82 2
38 86 2
39 42 5
39 44 3
39 47 3
39 48 5
39 51 5
39 54 5
39 60 5
39 70 5
39 79 5
39 85 5
40 43 1
40 64 1
40 68 2
40 69 1
40 80 4
40 86 5
41 52 4
41 55 0
41 58 1
41 59 5
41 60 4
41 61 1
41 62 0
41 63 5
41 74 5
41 89 3
42 44 1
42 54 2
42 56 0
42 68 4
42 75 2
42 77 1
42 82 0
42 90 4
43 46 4
43 55 2
43 56 0
43 66 3
43 67 5
43 71 2
43 77 2
43 78 3
43 80 3
43 82 5
43 86 4
43 87 4
43 93 5
44 48 2
44 49 0
44 59 5
44 71 0
44 73 5
44 76 1
44 79 4
44 82 4
44 93 4
45 47 3
45 56 3
45 59 0
45 75 5
45 77 3
45 84 4
45 85 3
45 86 5
45 88 3
45 90 0
45 92 4
45 94 3
46 50 5
46 52 4
46 55 5
46 56 3
46 59 1
46 60 1
46 65 5
46 66 1
46 72 0
46 73 5
46 79 5
46 80 3
46 81 3
46 91 2
47 48 4
47 50 3
47 54 3
47 57 1
47 76 0
47 77 4
47 81 5
47 84 5
47 85 4
47 97 3
48 54 5
48 55 0
48 56 5
48 61 2
48 69 2
48 71 4
48 75 0
48 77 2
48 87 5
48 91 3
48 92 3
48 93 0
49 53 5
49 56 2
49 58 5
49 59 1
49 71 2
49 76 2
49 83 5
49 97 5
49 99 1
50 56 5
50 61 1
50 64 1
50 68 1
50 78 3
50 82 1
50 84 0
50 85 1
50 88 2
50 89 3
50 90 4
50 92 1
50 93 4
50 98 1
50 100 0
51 55 3
51 93 1
51 96 2
51 99 2
52 62 4
52 72 1
52 91 3
52 97 2
52 99 4
53 57 2
53 60 3
53 61 3
53 62 2
53 65 2
53 75 5
53 76 3
53 79 4
53 84 3
53 86 5
53 88 4
53 90 4
53 91 2
53 94 3
53 102 5
54 59 3
54 62 5
54 67 2
54 77 5
54 79 4
54 82 5
54 84 4
54 89 4
54 92 2
54 95 3
54 104 3
55 56 5
55 67 3
55 73 1
55 78 2
55 81 1
55 85 1
55 89 0
55 95 5
55 97 4
55 98 4
55 100 3
55 101 1
55 102 3
55 104 1
55 105 1
56 57 2
56 63 5
56 64 5
56 69 5
56 70 5
56 71 5
56 78 5
56 85 5
56 101 5
56 106 3
57 60 3
57 64 2
57 65 1
57 66 1
57 69 3
57 72 4
57 76 1
57 84 5
57 86 4
57 95 3
57 98 5
57 101 1
57 103 4
58 60 5
58 63 1
58 65 1
58 71 3
58 72 3
58 75 3
58 77 2
58 81 3
58 87 0
58 89 5
58 94 4
58 95 2
58 98 1
58 106 2
58 108 4
59 65 4
59 66 3
59 67 0
59 81 4
59 86 1
59 98 5
59 109 5
60 61 2
60 74 0
60 82 1
60 91 2
60 95 5
61 65 3
61 67 0
61 70 5
61 74 3
61 77 3
61 81 5
61 88 3
61 95 2
61 98 5
61 100 5
61 110 2
62 74 3
62 77 2
62 78 1
62 82 4
62 86 5
62 90 1
62 92 3
62 94 1
62 106 4
62 107 2
62 109 2
62 110 2
63 65 4
63 68 5
63 69 5
63 72 5
63 73 5
63 80 5
63 83 2
63 87 3
63 97 3
63 101 5
63 104 1
63 109 3
64 80 3
64 88 5
64 93 5
64 95 3
64 96 0
64 100 5
64 111 1
64 112 3
65 75 4
65 76 0
65 79 0
65 81 3
65 86 1
65 94 2
65 107 4
65 112 1
66 67 4
66 75 1
66 76 1
66 77 5
66 83 5
66 90 3
66 94 5
66 105 2
66 111 1
66 114 3
66 116 5
67 73 0
67 74 1
67 75 0
67 78 3
67 81 1
67 84 2
67 93 3
67 107 2
68 71 0
68 73 5
68 79 3
68 90 3
68 91 5
68 94 3
68 97 5
68 100 4
68 103 1
68 104 4
68 107 4
69 71 2
69 72 3
69 77 2
69 82 1
69 90 1
69 92 5
69 104 5
69 111 1
69 112 0
69 113 0
69 116 5
69 119 4
70 71 4
70 72 1
70 81 4
70 87 0
70 100 2
70 104 0
70 105 0
70 107 5
70 110 3
70 112 2
70 114 5
71 74 5
71 75 5
71 76 5
71 81 2
71 89 5
71 97 3
71 100 0
71 102 2
71 104 0
71 105 4
71 107 5
71 108 1
71 110 4
71 112 5
71 116 2
71 119 5
72 73 5
72 74 2
72 81 3
72 95 1
72 97 1
72 110 2
72 111 3
72 114 2
73 80 2
73 86 3
73 91 4
73 92 5
73 100 1
73 107 5
73 110 1
73 120 4
73 122 4
74 76 5
74 80 2
74 95 0
74 96 2
74 98 5
74 100 3
74 107 4
74 114 3
74 118 5
74 120 4
74 122 0
75 76 4
75 92 5
75 96 4
75 102 1
75 104 4
75 113 2
75 118 0
75 119 1
76 80 5
76 86 5
76 90 3
76 97 1
76 103 3
76 107 5
76 110 3
76 116 1
76 119 3
76 120 2
76 124 4
76 125 2
76 126 3
77 81 2
77 86 5
77 87 4
77 88 4
77 90 1
77 94 4
77 96 1
77 104 2
77 109 5
77 114 5
77 115 5
77 119 5
77 121 3
77 122 5
78 83 1
78 93 1
78 98 3
78 100 0
78 102 1
78 104 5
78 114 3
78 118 4
78 124 2
79 81 5
79 82 3
79 93 4
79 97 3
79 99 4
79 100 0
79 110 3
79 117 2
79 118 3
79 125 0
80 84 4
80 87 4
80 88 3
80 89 3
80 93 2
80 94 5
80 97 2
80 102 5
80 113 2
80 120 3
80 126 3
80 127 1
81 84 4
81 91 3
81 92 0
81 94 3
81 98 3
81 108 5
81 115 3
81 116 5
81 117 5
81 119 2
81 124 5
81 128 5
82 91 0
82 97 5
82 99 3
82 101 2
82 108 3
82 109 0
82 121 1
82 122 3
82 128 5
83 84 2
83 90 1
83 91 1
83 107 2
83 110 5
83 115 0
83 122 4
83 124 5
83 130 3
83 132 2
83 133 2
84 95 3
84 96 0
84 99 5
84 100 3
84 101 2
84 106 3
84 108 2
84 110 3
84 119 0
84 121 5
84 122 4
84 128 5
84 132 1
85 100 3
85 102 5
85 108 4
85 121 1
85 125 4
85 127 4
85 128 1
85 133 4
86 89 1
86 94 5
86 102 3
86 104 4
86 111 0
86 116 0
86 117 0
86 118 3
86 119 0
86 122 2
86 124 1
86 125 2
86 128 1
86 129 2
86 132 4
86 134 4
87 88 1
87 91 5
87 93 5
87 95 2
87 96 1
87 99 3
87 105 2
87 110 1
87 116 4
87 129 3
87 133 2
87 136 3
87 137 5
88 89 1
88 90 4
88 93 5
88 97 3
88 99 2
88 105 1
88 111 0
88 116 4
88 121 2
88 122 4
89 96 4
89 97 4
89 111 0
89 112 4
89 113 4
89 115 5
89 119 4
89 124 1
89 127 4
89 129 3
89 139 1
90 96 2
90 100 5
90 102 2
90 119 2
90 120 0
90 126 0
90 130 2
90 138 3
91 93 1
91 110 3
91 111 2
91 112 4
91 116 3
91 121 5
91 134 1
92 106 1
92 107 2
92 108 5
92 111 5
92 122 5
92 126 5
92 136 2
92 138 1
92 140 0
92 141 3
93 97 4
93 99 5
93 100 0
93 107 0
93 114 3
93 117 5
93 122 5
93 126 4
93 134 3
93 138 4
93 140 5
94 96 2
94 99 2
94 102 0
94 104 5
94 105 2
94 109 5
94 113 4
94 114 2
94 117 4
94 120 4
94 128 5
94 129 1
94 134 4
94 138 1
95 110 3
95 114 5
95 119 4
95 122 4
95 125 5
95 126 4
95 135 4
95 136 3
95 138 0
95 139 3
95 140 2
95 143 3
96 99 2
96 107 5
96 127 4
96 135 2
96 139 5
97 99 4
97 100 4
97 102 2
97 103 4
97 107 5
97 109 0
97 116 4
97 117 5
97 124 1
97 126 2
97 142 1
98 103 3
98 114 3
98 120 2
98 123 1
98 131 4
98 133 1
98 141 2
99 102 5
99 103 5
99 109 3
99 110 5
99 111 3
99 112 5
99 115 1
99 117 1
99 126 3
99 131 5
99 132 3
99 133 4
99 135 2
99 137 2
99 139 3
100 103 4
100 122 1
100 126 5
100 128 5
100 132 1
100 138 5
100 140 1
100 143 5
100 146 3
100 149 0
100 150 5
101 103 1
101 108 3
101 112 2
101 119 5
101 128 3
101 130 2
101 140 5
101 141 1
101 145 4
101 146 1
101 147 3
101 148 5
102 109 5
102 115 4
102 129 2
102 132 4
102 139 2
103 106 5
103 107 3
103 108 5
103 109 4
103 110 5
103 115 2
103 116 3
103 119 1
103 120 2
103 122 4
103 129 3
103 132 3
103 133 2
103 137 2
103 143 5
103 144 5
104 114 4
104 118 4
104 124 5
104 132 1
104 135 4
104 146 5
104 149 5
105 117 2
105 121 5
105 124 5
105 129 1
105 130 3
105 131 4
105 132 0
105 133 5
105 135 2
105 136 3
105 147 3
105 151 5
105 153 3
105 154 5
106 115 5
106 122 1
106 123 1
106 133 2
106 135 2
106 141 4
106 146 5
106 151 4
106 156 5
107 108 4
107 109 4
107 113 1
107 118 5
107 119 4
107 126 3
107 127 5
107 155 1
107 156 5
108 115 4
108 120 1
108 132 3
108 133 3
108 135 4
108 138 4
108 140 5
108 142 5
108 147 1
108 148 5
108 156 3
108 157 5
109 128 4
109 130 2
109 132 1
109 137 1
109 140 0
109 151 3
109 159 0
110 111 5
110 134 0
110 136 3
110 138 5
110 140 5
110 145 2
110 149 5
110 150 2
110 151 1
110 156 4
110 158 1
111 116 2
111 117 5
111 125 5
111 128 5
111 139 3
111 143 5
111 153 1
111 158 4
112 115 4
112 119 5
112 125 2
112 126 3
112 127 5
112 129 4
112 130 3
112 131 4
112 132 3
112 136 5
112 137 1
112 153 5
112 159 5
112 160 5
112 162 4
113 136 5
113 137 5
113 139 1
113 142 2
113 144 2
113 159 4
114 116 0
114 120 5
114 132 2
114 140 1
114 144 1
114 145 3
114 152 3
114 156 4
114 158 5
115 117 1
115 120 1
115 124 4
115 138 4
115 141 4
115 143 3
115 155 0
115 157 5
115 158 2
115 160 5
116 117 1
116 122 1
116 136 2
116 143 2
116 149 3
116 159 4
116 164 2
116 166 0
117 125 0
117 128 3
117 130 4
117 143 5
117 144 4
117 147 5
117 157 3
117 165 2
117 167 4
118 120 5
118 123 3
118 125 5
118 136 4
118 140 0
118 143 1
118 147 3
118 150 5
118 152 5
118 153 0
118 156 3
118 157 3
118 166 2
118 168 3
119 128 2
119 135 4
119 137 5
119 145 5
119 148 5
119 149 3
119 156 1
119 166 1
120 129 4
120 131 0
120 135 5
120 139 0
120 145 1
120 150 5
120 166 5
120 168 5
121 123 5
121 125 4
121 136 5
121 146 3
121 153 4
121 154 5
121 156 1
121 158 5
121 159 3
121 166 3
121 171 3
122 123 5
122 125 0
122 132 2
122 133 1
122 134 2
122 140 2
122 142 2
122 144 2
122 145 0
122 161 2
122 164 1
122 167 1
122 170 1
122 171 5
122 172 4
123 129 1
123 136 1
123 151 5
123 154 5
123 155 3
123 160 4
123 162 2
123 173 1
124 128 2
124 131 5
124 149 2
124 150 5
124 153 4
124 154 2
124 164 3
124 165 0
124 171 3
125 131 1
125 132 1
125 143 5
125 146 5
125 167 5
125 171 2
126 130 3
126 141 3
126 145 5
126 153 4
126 165 2
126 167 1
126 169 5
126 175 3
127 128 3
127 132 2
127 152 2
127 153 3
127 157 4
127 163 0
127 166 3
127 168 4
127 169 4
127 171 2
128 129 2
128 132 3
128 139 3
128 142 3
128 144 1
128 150 2
128 155 5
128 156 1
128 162 3
128 165 5
128 166 0
128 167 3
128 173 5
129 130 1
129 134 5
129 154 0
129 155 2
129 157 1
129 162 3
129 163 2
129 164 5
129 168 1
129 175 5
129 179 4
130 135 5
130 136 4
130 137 5
130 139 5
130 145 1
130 160 3
130 161 4
130 163 1
130 164 2
130 169 1
130 170 3
131 133 2
131 149 5
131 150 1
131 153 4
131 156 4
131 161 5
131 163 3
131 168 4
131 174 4
131 176 4
132 137 1
132 138 2
132 139 2
132 166 3
132 167 5
132 174 0
133 140 4
133 151 3
133 163 4
133 164 4
133 172 0
134 136 2
134 138 4
134 142 1
134 154 5
134 157 3
134 158 2
134 161 4
134 162 5
134 168 1
134 181 4
135 139 5
135 140 5
135 144 5
135 145 3
135 147 0
135 148 2
135 152 5
135 158 2
135 159 5
135 160 1
135 169 3
135 176 2
135 177 5
135 179 3
135 180 1
136 138 3
136 144 2
136 145 1
136 149 5
136 150 1
136 153 4
136 157 3
136 159 2
136 160 4
136 162 0
136 166 0
136 169 4
136 176 5
136 177 1
136 179 1
136 180 3
136 181 2
137 138 5
137 144 4
137 147 2
137 158 3
137 162 3
137 163 0
137 165 2
137 169 1
137 170 1
137 173 4
137 184 2
138 144 0
138 145 5
138 146 4
138 155 3
138 160 0
138 171 4
138 175 1
138 177 5
138 187 5
138 188 5
139 142 5
139 144 5
139 145 3
139 148 1
139 151 3
139 152 4
139 154 5
139 160 1
139 161 3
139 171 3
139 173 1
139 174 5
139 177 1
140 142 4
140 145 3
140 146 4
140 151 2
140 164 2
140 171 4
140 175 1
140 177 5
140 182 5
141 142 0
141 147 5
141 148 3
141 149 2
141 154 2
141 155 1
141 156 3
141 159 3
141 161 2
141 164 1
141 165 5
141 166 2
141 168 1
141 178 1
141 180 4
141 185 2
142 152 1
142 157 1
142 167 2
142 173 1
142 175 1
142 181 0
142 184 5
143 148 4
143 152 1
143 153 2
143 159 4
143 160 0
143 162 1
143 170 0
143 176 2
143 177 5
143 178 0
143 182 4
143 187 1
144 147 3
144 148 3
144 149 5
144 157 1
144 168 0
144 169 3
144 175 5
144 179 3
144 184 2
144 185 0
144 186 2
144 193 0
144 194 0
145 151 4
145 152 2
145 155 3
145 156 4
145 158 1
145 170 2
145 176 1
145 178 2
145 179 0
145 185 3
145 188 2
145 189 4
145 195 4
146 148 0
146 152 2
146 154 5
146 157 5
146 158 4
146 160 1
146 163 5
146 173 1
146 189 4
147 151 3
147 153 3
147 160 5
147 165 4
147 169 1
147 170 3
147 175 1
147 177 4
147 181 3
147 185 2
147 189 2
147 194 4
147 195 4
148 150 5
148 162 1
148 164 2
148 170 4
148 192 3
148 194 5
148 198 0
149 151 2
149 157 4
149 158 5
149 165 4
149 168 4
149 175 0
149 177 0
149 178 3
149 183 5
149 186 0
149 191 5
149 195 4
149 196 4
149 199 3
150 157 2
150 164 2
150 167 5
150 173 3
150 185 1
150 186 4
150 196 1
150 200 4
151 156 5
151 161 3
151 167 4
151 172 5
151 173 5
151 174 3
151 178 5
151 180 1
151 187 5
151 190 4
151 191 2
151 197 0
151 198 4
151 200 0
152 154 4
152 156 4
152 160 1
152 164 0
152 166 3
152 172 0
152 177 5
152 182 0
152 185 4
152 190 1
152 195 5
153 154 1
153 170 2
153 171 1
153 177 4
153 193 2
153 200 2
154 162 4
154 165 1
154 167 3
154 182 1
154 192 5
154 196 0
154 199 2
154 200 5
155 166 3
155 170 2
155 171 4
155 173 2
155 193 3
155 198 5
156 161 3
156 165 1
156 168 0
156 171 3
156 181 0
156 189 5
156 192 4
157 162 5
157 163 2
157 167 2
157 173 1
157 174 1
157 177 1
157 182 5
157 192 4
158 159 3
158 160 1
158 162 2
158 163 4
158 165 4
158 173 2
158 175 1
158 176 5
158 180 2
158 184 5
158 185 3
158 188 5
158 196 5
158 199 0
159 163 4
159 164 1
159 166 0
159 168 1
159 170 1
159 172 4
159 173 3
159 177 5
159 181 2
159 187 4
159 191 5
159 195 0
159 196 5
159 199 1
159 200 1
160 167 5
160 177 0
160 178 5
160 188 4
160 190 3
160 196 4
160 199 0
160 200 3
161 164 2
161 170 5
161 173 1
161 174 4
161 177 5
161 180 2
161 185 4
161 191 4
161 197 0
161 198 1
161 200 2
162 163 5
162 164 3
162 165 2
162 172 3
162 174 2
162 175 4
162 180 0
162 190 2
163 165 3
163 176 1
163 178 5
163 183 5
163 191 3
163 193 2
163 195 1
163 196 4
163 200 3
164 167 4
164 172 0
164 173 3
164 176 4
164 182 0
164 190 0
164 197 5
164 199 0
164 200 2
165 168 4
165 174 2
165 177 1
165 180 5
165 184 3
165 190 3
165 191 5
165 194 1
165 199 5
165 200 5
166 170 5
166 186 1
166 189 1
166 191 4
166 197 1
166 198 0
166 200 1
167 172 4
167 174 4
167 175 5
167 181 5
167 182 5
167 183 3
167 190 0
167 191 3
167 192 1
167 194 1
167 198 0
167 200 4
168 169 3
168 172 5
168 173 3
168 178 3
168 184 5
168 187 5
168 189 3
168 191 4
168 193 1
168 200 5
169 174 1
169 181 1
169 182 5
169 187 4
169 200 3
170 171 4
170 174 1
170 180 5
170 184 5
170 187 3
170 189 1
170 195 3
170 200 2
171 181 2
171 184 1
171 185 2
171 189 5
171 190 5
171 192 3
171 193 0
171 194 1
171 198 5
171 199 2
172 189 1
172 193 1
172 195 4
172 198 4
172 200 2
173 174 1
173 181 2
173 182 2
173 185 2
173 186 1
173 187 0
173 188 0
173 193 0
173 196 5
173 197 1
173 199 1
173 200 2
174 175 2
174 181 5
174 182 4
174 183 1
174 186 1
174 190 0
174 191 5
174 192 1
174 193 2
174 196 1
174 199 5
174 200 0
175 177 2
175 180 3
175 182 2
175 188 4
175 189 1
175 190 2
175 191 2
175 195 4
175 196 1
175 200 5
176 184 1
176 187 3
176 191 5
176 194 3
176 195 1
176 197 5
176 199 3
176 200 2
177 179 5
177 180 5
177 183 3
177 193 5
177 197 2
177 200 0
178 185 1
178 190 5
178 191 5
178 192 5
178 196 3
178 197 1
178 199 4
179 183 1
179 188 4
179 193 2
179 194 5
179 195 5
179 197 3
179 198 2
180 183 1
180 184 3
180 186 1
180 187 3
180 189 4
180 195 2
180 196 2
180 197 3
180 200 2
181 183 1
181 184 3
181 185 1
181 186 4
181 189 5
181 190 3
181 193 2
181 196 5
181 197 1
181 198 3
181 199 3
181 200 5
182 183 3
182 184 5
182 187 5
182 192 1
182 193 1
182 196 4
182 200 5
183 188 0
183 189 0
183 196 5
183 197 5
183 198 5
183 199 2
183 200 2
184 185 1
184 186 1
184 189 4
184 190 5
184 191 5
184 194 4
184 196 4
184 197 5
184 200 3
185 187 0
185 188 2
185 189 2
185 190 3
185 192 5
185 193 5
185 194 2
185 197 5
186 189 5
186 190 3
186 191 1
186 193 5
186 194 5
186 195 1
186 196 2
186 198 5
186 199 2
186 200 3
187 189 3
187 190 1
187 191 2
187 193 4
187 196 2
187 197 4
187 198 5
187 199 1
187 200 5
188 189 5
188 190 4
188 192 5
188 193 4
188 195 5
188 197 5
188 199 4
188 200 4
189 190 2
189 191 1
189 193 0
189 194 3
189 195 5
189 196 1
189 197 2
189 200 5
190 191 5
190 195 1
190 196 3
190 198 5
190 200 0
191 192 1
191 193 5
191 195 3
191 197 0
191 198 3
191 199 0
192 193 5
192 194 3
192 196 3
192 197 0
192 198 5
192 199 0
192 200 5
193 194 4
193 195 5
193 196 3
193 197 4
193 200 3
194 196 3
194 197 5
194 198 4
194 199 2
194 200 2
195 196 5
195 197 1
195 199 4
195 200 4
196 197 5
196 198 2
196 200 3
197 198 1
197 199 0
197 200 4
198 199 5
198 200 1
199 200 3
